19060510.160
File-type:2
Date of Test:05.06.2019
Time of Test:10:16
Name of Person:MOORE RICHARD       
Joint-Side:0
Test-Mode:1
Joint:0
Plane:0
Zero:290
Motion-Start:10
Motion-End:90
Speed (Movement 1):60
Speed (Movement 2):60
Acceleration  (conc):5
Acceleration  (ecc):5
Decelerat.(conc):
Decelerat.(ecc):
Break:60
Start-Holdposition:
End-Holdposition:
Hold-Time:
No. of sets:1
No. of repetitions:2
Start-Trigg.:
Weight:   
Height:   
Date of birth:          
Insured side:                      
Sex:          
Therapist:                      
Gravitycomp.:0
Astacustest:0
Dyna-Tilt-Angle:0
Dyna-Rotation:370
Dyna-Height:60
Dyna-Swivelarm:33303
Seatback-Tilt-Angle:75
Seatback-Move:80
Seat-Tilt:1
Seat-Thigh-Pad:0
Adapter-Pullout-Lenght:80
Adapter-Pullout-Side:0
Footadapter-Rotation:30
Footadapter-Tilt:0
Footadapter-Move:0
Supporthandle-Lenght:20
Supporthandle-Move:520
Supporthandle-Side:0
Shoulder-Lenght:230
Shoulder-Side:10
Double-Pad:0


fdgsfdgsgfsfgsgfsfgssfgsf
UserID:0
MwareID:0


























EXPLANATION OF THE COLUMNS
1.column: time in milliseconds
2.column: relative position in 1/10 degree or millimeter
3.column: torque in 1/10 Nm or force in newton
4.column: speed in 1/10 degree/second or 1/10 millimeter/second
5.column: torque without gravitycalibration in 1/10 Nm
6.column: current repetition(about 1.2 degrees delayed)
7.column: current set
8.column: torque on dynamometer
9.column: force on right leg or deviation of force
10.column: force on left leg or deviation of position
 
MEASUREMENT STARTS AFTER LINE 100





5 135 -12 -5 -12 1 1 -12 0 0 
10 135 -12 -5 -12 1 1 -12 0 0 
15 135 -12 -5 -12 1 1 -12 0 0 
20 135 -12 -5 -12 1 1 -12 0 0 
25 135 -12 -10 -12 1 1 -12 0 0 
30 135 -12 -10 -12 1 1 -12 0 0 
35 135 -12 -10 -12 1 1 -12 0 0 
40 135 -12 -10 -12 1 1 -12 0 0 
45 135 -12 -10 -12 1 1 -12 0 0 
50 135 -12 -13 -12 1 1 -12 0 0 
55 135 -12 -10 -12 1 1 -12 0 0 
60 135 -8 -13 -8 1 1 -8 0 0 
65 135 -12 -13 -12 1 1 -12 0 0 
70 135 -12 -13 -12 1 1 -12 0 0 
75 135 -12 -13 -12 1 1 -12 0 0 
80 135 -12 -13 -12 1 1 -12 0 0 
85 135 -12 -13 -12 1 1 -12 0 0 
90 135 -12 -15 -12 1 1 -12 0 0 
95 135 -12 -15 -12 1 1 -12 0 0 
100 135 -8 -15 -8 1 1 -8 0 0 
105 133 -8 -15 -8 1 1 -8 0 0 
110 133 -8 -15 -8 1 1 -8 0 0 
115 135 -8 -15 -8 1 1 -8 0 0 
120 133 -8 -15 -8 1 1 -8 0 0 
125 133 -8 -15 -8 1 1 -8 0 0 
130 135 -8 -15 -8 1 1 -8 0 0 
135 133 -8 -13 -8 1 1 -8 0 0 
140 135 -5 -13 -5 1 1 -5 0 0 
145 133 -8 -15 -8 1 1 -8 0 0 
150 133 -5 -15 -5 1 1 -5 0 0 
155 133 -8 -15 -8 1 1 -8 0 0 
160 133 -8 -15 -8 1 1 -8 0 0 
165 131 -8 -15 -8 1 1 -8 0 0 
170 133 -8 -13 -8 1 1 -8 0 0 
175 133 -8 -15 -8 1 1 -8 0 0 
180 133 -8 -13 -8 1 1 -8 0 0 
185 133 -8 -13 -8 1 1 -8 0 0 
190 133 -8 -13 -8 1 1 -8 0 0 
195 133 -8 -10 -8 1 1 -8 0 0 
200 133 -5 -5 -5 1 1 -5 0 0 
205 133 -5 -5 -5 1 1 -5 0 0 
210 133 -5 -3 -5 1 1 -5 0 0 
215 133 -0 -0 -0 1 1 -0 0 0 
220 133 -0 -0 -0 1 1 -0 0 0 
225 131 -0 -0 -0 1 1 -0 0 0 
230 131 -5 -0 -5 1 1 -5 0 0 
235 133 -5 -0 -5 1 1 -5 0 0 
240 133 -5 -0 -5 1 1 -5 0 0 
245 133 -5 -0 -5 1 1 -5 0 0 
250 131 -5 -0 -5 1 1 -5 0 0 
255 133 -5 -0 -5 1 1 -5 0 0 
260 131 -8 -0 -8 1 1 -8 0 0 
265 133 -8 -0 -8 1 1 -8 0 0 
270 131 -8 -0 -8 1 1 -8 0 0 
275 133 -8 -0 -8 1 1 -8 0 0 
280 133 -8 -0 -8 1 1 -8 0 0 
285 131 -8 -0 -8 1 1 -8 0 0 
290 131 -12 -0 -12 1 1 -12 0 0 
295 131 -8 -0 -8 1 1 -8 0 0 
300 133 -12 -0 -12 1 1 -12 0 0 
305 133 -8 -0 -8 1 1 -8 0 0 
310 133 -8 -0 -8 1 1 -8 0 0 
315 133 -8 -0 -8 1 1 -8 0 0 
320 131 -5 -0 -5 1 1 -5 0 0 
325 133 -5 -0 -5 1 1 -5 0 0 
330 133 -5 3 -5 1 1 -5 0 0 
335 133 -5 3 -5 1 1 -5 0 0 
340 131 -0 -0 -0 1 1 -0 0 0 
345 131 -0 -0 -0 1 1 -0 0 0 
350 133 -0 3 -0 1 1 -0 0 0 
355 133 -0 3 -0 1 1 -0 0 0 
360 133 -5 3 -5 1 1 -5 0 0 
365 133 -5 -0 -5 1 1 -5 0 0 
370 133 -5 -0 -5 1 1 -5 0 0 
375 133 -8 -0 -8 1 1 -8 0 0 
380 131 -8 -0 -8 1 1 -8 0 0 
385 131 -8 -0 -8 1 1 -8 0 0 
390 133 -12 -0 -12 1 1 -12 0 0 
395 133 -12 -0 -12 1 1 -12 0 0 
400 133 -12 -0 -12 1 1 -12 0 0 
405 133 -12 -0 -12 1 1 -12 0 0 
410 133 -12 -0 -12 1 1 -12 0 0 
415 133 -12 -0 -12 1 1 -12 0 0 
420 131 -12 -0 -12 1 1 -12 0 0 
425 133 -12 -0 -12 1 1 -12 0 0 
430 133 -12 -0 -12 1 1 -12 0 0 
435 133 -12 -0 -12 1 1 -12 0 0 
440 131 -8 -0 -8 1 1 -8 0 0 
445 131 -8 -0 -8 1 1 -8 0 0 
450 133 -8 -0 -8 1 1 -8 0 0 
455 133 -8 3 -8 1 1 -8 0 0 
460 133 -5 -0 -5 1 1 -5 0 0 
465 131 -5 3 -5 1 1 -5 0 0 
470 131 -5 3 -5 1 1 -5 0 0 
475 131 -5 3 -5 1 1 -5 0 0 
480 133 -0 3 -0 1 1 -0 0 0 
485 131 -0 3 -0 1 1 -0 0 0 
490 133 5 5 5 1 1 5 0 0 
495 133 8 13 8 1 1 8 0 0 
500 133 12 15 12 1 1 12 0 0 
505 133 15 25 15 1 1 15 0 0 
510 133 23 30 23 1 1 23 0 0 
515 133 30 43 30 1 1 30 0 0 
520 133 38 55 38 1 1 38 0 0 
525 133 45 68 45 1 1 45 0 0 
530 135 53 80 53 1 1 53 0 0 
535 135 60 105 60 1 1 60 0 0 
540 135 68 128 68 1 1 68 0 0 
545 135 80 148 80 1 1 80 0 0 
550 137 87 175 87 1 1 87 0 0 
555 137 98 213 98 1 1 98 0 0 
560 139 113 248 113 1 1 113 0 0 
565 140 128 288 128 1 1 128 0 0 
570 140 143 330 143 1 1 143 0 0 
575 142 162 385 162 1 1 162 0 0 
580 146 177 435 177 1 1 177 0 0 
585 146 192 488 192 1 1 192 0 0 
590 149 203 545 203 1 1 203 0 0 
595 151 215 590 215 1 1 215 0 0 
600 155 225 600 225 1 1 225 0 0 
605 158 237 598 237 1 1 237 0 0 
610 162 248 600 248 1 1 248 0 0 
615 166 267 598 267 1 1 267 0 0 
620 168 293 600 293 1 1 293 0 0 
625 171 320 600 320 1 1 320 0 0 
630 173 360 598 360 1 1 360 0 0 
635 178 405 600 405 1 1 405 0 0 
640 182 455 598 455 1 1 455 0 0 
645 184 500 598 500 1 1 500 0 0 
650 186 545 600 545 1 1 545 0 0 
655 191 593 600 593 1 1 593 0 0 
660 193 630 600 630 1 1 630 0 0 
665 197 660 598 660 1 1 660 0 0 
670 198 690 600 690 1 1 690 0 0 
675 202 720 598 720 1 1 720 0 0 
680 206 743 598 743 1 1 743 0 0 
685 209 762 600 762 1 1 762 0 0 
690 211 780 598 780 1 1 780 0 0 
695 215 795 598 795 1 1 795 0 0 
700 216 807 600 807 1 1 807 0 0 
705 220 818 600 818 1 1 818 0 0 
710 222 822 600 822 1 1 822 0 0 
715 226 825 598 825 1 1 825 0 0 
720 229 822 600 822 1 1 822 0 0 
725 231 822 598 822 1 1 822 0 0 
730 235 818 600 818 1 1 818 0 0 
735 238 810 598 810 1 1 810 0 0 
740 240 803 598 803 1 1 803 0 0 
745 244 792 600 792 1 1 792 0 0 
750 247 780 598 780 1 1 780 0 0 
755 249 762 600 762 1 1 762 0 0 
760 255 747 598 747 1 1 747 0 0 
765 256 732 600 732 1 1 732 0 0 
770 260 725 600 725 1 1 725 0 0 
775 262 717 600 717 1 1 717 0 0 
780 265 717 600 717 1 1 717 0 0 
785 269 725 600 725 1 1 725 0 0 
790 271 732 600 732 1 1 732 0 0 
795 275 750 600 750 1 1 750 0 0 
800 278 765 598 765 1 1 765 0 0 
805 282 780 600 780 1 1 780 0 0 
810 284 795 600 795 1 1 795 0 0 
815 287 810 598 810 1 1 810 0 0 
820 291 825 600 825 1 1 825 0 0 
825 293 833 600 833 1 1 833 0 0 
830 296 840 600 840 1 1 840 0 0 
835 300 845 600 845 1 1 845 0 0 
840 302 848 600 848 1 1 848 0 0 
845 305 848 600 848 1 1 848 0 0 
850 309 848 600 848 1 1 848 0 0 
855 313 845 600 845 1 1 845 0 0 
860 314 845 600 845 1 1 845 0 0 
865 318 840 600 840 1 1 840 0 0 
870 320 837 600 837 1 1 837 0 0 
875 323 833 600 833 1 1 833 0 0 
880 327 830 600 830 1 1 830 0 0 
885 329 830 600 830 1 1 830 0 0 
890 333 825 600 825 1 1 825 0 0 
895 336 822 600 822 1 1 822 0 0 
900 338 822 600 822 1 1 822 0 0 
905 342 822 600 822 1 1 822 0 0 
910 345 825 600 825 1 1 825 0 0 
915 347 830 600 830 1 1 830 0 0 
920 351 833 598 833 1 1 833 0 0 
925 354 840 600 840 1 1 840 0 0 
930 356 845 600 845 1 1 845 0 0 
935 360 852 600 852 1 1 852 0 0 
940 363 860 600 860 1 1 860 0 0 
945 365 867 600 867 1 1 867 0 0 
950 369 870 600 870 1 1 870 0 0 
955 371 878 600 878 1 1 878 0 0 
960 376 882 600 882 1 1 882 0 0 
965 378 882 600 882 1 1 882 0 0 
970 382 885 600 885 1 1 885 0 0 
975 385 885 600 885 1 1 885 0 0 
980 387 882 600 882 1 1 882 0 0 
985 389 878 598 878 1 1 878 0 0 
990 392 870 600 870 1 1 870 0 0 
995 396 863 600 863 1 1 863 0 0 
1000 398 860 598 860 1 1 860 0 0 
1005 401 852 600 852 1 1 852 0 0 
1010 405 848 598 848 1 1 848 0 0 
1015 409 840 600 840 1 1 840 0 0 
1020 411 840 600 840 1 1 840 0 0 
1025 414 837 598 837 1 1 837 0 0 
1030 416 837 600 837 1 1 837 0 0 
1035 420 840 600 840 1 1 840 0 0 
1040 421 840 600 840 1 1 840 0 0 
1045 425 840 600 840 1 1 840 0 0 
1050 429 840 598 840 1 1 840 0 0 
1055 431 845 598 845 1 1 845 0 0 
1060 434 845 600 845 1 1 845 0 0 
1065 436 845 598 845 1 1 845 0 0 
1070 440 840 600 840 1 1 840 0 0 
1075 443 840 600 840 1 1 840 0 0 
1080 447 840 600 840 1 1 840 0 0 
1085 449 840 600 840 1 1 840 0 0 
1090 452 840 600 840 1 1 840 0 0 
1095 456 840 600 840 1 1 840 0 0 
1100 458 840 600 840 1 1 840 0 0 
1105 461 837 600 837 1 1 837 0 0 
1110 463 840 600 840 1 1 840 0 0 
1115 467 840 600 840 1 1 840 0 0 
1120 470 840 598 840 1 1 840 0 0 
1125 472 840 600 840 1 1 840 0 0 
1130 476 845 600 845 1 1 845 0 0 
1135 478 845 598 845 1 1 845 0 0 
1140 483 845 598 845 1 1 845 0 0 
1145 485 845 598 845 1 1 845 0 0 
1150 487 848 598 848 1 1 848 0 0 
1155 490 848 600 848 1 1 848 0 0 
1160 494 852 598 852 1 1 852 0 0 
1165 498 852 598 852 1 1 852 0 0 
1170 501 852 600 852 1 1 852 0 0 
1175 503 852 600 852 1 1 852 0 0 
1180 507 852 600 852 1 1 852 0 0 
1185 510 852 598 852 1 1 852 0 0 
1190 512 852 600 852 1 1 852 0 0 
1195 516 855 598 855 1 1 855 0 0 
1200 519 855 598 855 1 1 855 0 0 
1205 523 860 600 860 1 1 860 0 0 
1210 525 860 600 860 1 1 860 0 0 
1215 527 863 600 863 1 1 863 0 0 
1220 530 863 600 863 1 1 863 0 0 
1225 534 867 600 867 1 1 867 0 0 
1230 538 863 600 863 1 1 863 0 0 
1235 539 867 600 867 1 1 867 0 0 
1240 543 867 600 867 1 1 867 0 0 
1245 547 863 600 863 1 1 863 0 0 
1250 550 860 598 860 1 1 860 0 0 
1255 552 860 600 860 1 1 860 0 0 
1260 556 855 600 855 1 1 855 0 0 
1265 557 852 600 852 1 1 852 0 0 
1270 561 848 600 848 1 1 848 0 0 
1275 565 848 600 848 1 1 848 0 0 
1280 567 848 598 848 1 1 848 0 0 
1285 570 848 600 848 1 1 848 0 0 
1290 572 848 598 848 1 1 848 0 0 
1295 576 852 600 852 1 1 852 0 0 
1300 579 855 600 855 1 1 855 0 0 
1305 581 860 598 860 1 1 860 0 0 
1310 585 860 600 860 1 1 860 0 0 
1315 588 863 600 863 1 1 863 0 0 
1320 590 867 598 867 1 1 867 0 0 
1325 594 867 600 867 1 1 867 0 0 
1330 596 867 600 867 1 1 867 0 0 
1335 599 867 600 867 1 1 867 0 0 
1340 603 867 600 867 1 1 867 0 0 
1345 605 863 600 863 1 1 863 0 0 
1350 608 863 600 863 1 1 863 0 0 
1355 612 860 598 860 1 1 860 0 0 
1360 615 855 600 855 1 1 855 0 0 
1365 617 855 600 855 1 1 855 0 0 
1370 621 852 600 852 1 1 852 0 0 
1375 623 852 600 852 1 1 852 0 0 
1380 627 848 598 848 1 1 848 0 0 
1385 631 848 600 848 1 1 848 0 0 
1390 633 845 598 845 1 1 845 0 0 
1395 636 845 600 845 1 1 845 0 0 
1400 640 848 600 848 1 1 848 0 0 
1405 642 845 600 845 1 1 845 0 0 
1410 646 848 600 848 1 1 848 0 0 
1415 649 852 600 852 1 1 852 0 0 
1420 651 855 600 855 1 1 855 0 0 
1425 655 860 598 860 1 1 860 0 0 
1430 656 867 600 867 1 1 867 0 0 
1435 660 870 600 870 1 1 870 0 0 
1440 664 875 600 875 1 1 875 0 0 
1445 667 878 600 878 1 1 878 0 0 
1450 669 882 600 882 1 1 882 0 0 
1455 673 882 600 882 1 1 882 0 0 
1460 676 885 600 885 1 1 885 0 0 
1465 678 885 598 885 1 1 885 0 0 
1470 682 885 600 885 1 1 885 0 0 
1475 684 885 600 885 1 1 885 0 0 
1480 687 885 600 885 1 1 885 0 0 
1485 691 885 598 885 1 1 885 0 0 
1490 693 885 598 885 1 1 885 0 0 
1495 696 885 600 885 1 1 885 0 0 
1500 700 885 600 885 1 1 885 0 0 
1505 702 890 600 890 1 1 890 0 0 
1510 705 890 600 890 1 1 890 0 0 
1515 709 890 600 890 1 1 890 0 0 
1520 713 893 600 893 1 1 893 0 0 
1525 714 893 600 893 1 1 893 0 0 
1530 716 897 598 897 1 1 897 0 0 
1535 720 897 598 897 1 1 897 0 0 
1540 723 897 598 897 1 1 897 0 0 
1545 727 897 600 897 1 1 897 0 0 
1550 729 897 600 897 1 1 897 0 0 
1555 733 897 598 897 1 1 897 0 0 
1560 736 893 598 893 1 1 893 0 0 
1565 738 893 600 893 1 1 893 0 0 
1570 742 893 600 893 1 1 893 0 0 
1575 745 893 600 893 1 1 893 0 0 
1580 747 893 598 893 1 1 893 0 0 
1585 751 893 598 893 1 1 893 0 0 
1590 753 893 600 893 1 1 893 0 0 
1595 756 893 598 893 1 1 893 0 0 
1600 760 893 600 893 1 1 893 0 0 
1605 763 893 598 893 1 1 893 0 0 
1610 765 893 600 893 1 1 893 0 0 
1615 769 893 600 893 1 1 893 0 0 
1620 771 893 598 893 1 1 893 0 0 
1625 774 893 600 893 1 1 893 0 0 
1630 778 893 600 893 1 1 893 0 0 
1635 780 890 600 890 1 1 890 0 0 
1640 783 885 585 885 1 1 885 0 0 
1645 787 882 578 882 1 1 882 0 0 
1650 789 878 565 878 1 1 878 0 0 
1655 791 870 563 870 1 1 870 0 0 
1660 796 863 550 863 1 1 863 0 0 
1665 798 860 545 860 1 1 860 0 0 
1670 800 852 533 852 1 1 852 0 0 
1675 801 852 523 852 1 1 852 0 0 
1680 805 848 520 848 1 1 848 0 0 
1685 807 848 503 848 1 1 848 0 0 
1690 811 845 500 845 1 1 845 0 0 
1695 812 845 493 845 1 1 845 0 0 
1700 816 840 480 840 1 1 840 0 0 
1705 818 833 468 833 1 1 833 0 0 
1710 820 822 460 822 1 1 822 0 0 
1715 821 810 455 810 1 1 810 0 0 
1720 825 788 445 788 1 1 788 0 0 
1725 827 765 433 765 1 1 765 0 0 
1730 829 743 428 743 1 1 743 0 0 
1735 830 720 415 720 1 1 720 0 0 
1740 832 690 410 690 1 1 690 0 0 
1745 834 665 398 665 1 1 665 0 0 
1750 836 638 390 638 1 1 638 0 0 
1755 838 615 383 615 1 1 615 0 0 
1760 840 590 370 590 1 1 590 0 0 
1765 841 567 368 567 1 1 567 0 0 
1770 843 548 355 548 1 1 548 0 0 
1775 845 530 350 530 1 1 530 0 0 
1780 847 510 333 510 1 1 510 0 0 
1785 849 492 325 492 1 1 492 0 0 
1790 850 477 318 477 1 1 477 0 0 
1795 852 458 318 458 1 1 458 0 0 
1800 854 435 305 435 1 1 435 0 0 
1805 854 417 290 417 1 1 417 0 0 
1810 856 398 280 398 1 1 398 0 0 
1815 858 372 278 372 1 1 372 0 0 
1820 860 342 265 342 1 1 342 0 0 
1825 860 312 258 312 1 1 312 0 0 
1830 861 285 250 285 1 1 285 0 0 
1835 863 255 248 255 1 1 255 0 0 
1840 865 225 233 225 1 1 225 0 0 
1845 865 200 220 200 1 1 200 0 0 
1850 865 173 218 173 1 1 173 0 0 
1855 867 150 208 150 1 1 150 0 0 
1860 869 120 195 120 1 1 120 0 0 
1865 869 98 180 98 1 1 98 0 0 
1870 870 80 173 80 1 1 80 0 0 
1875 870 57 165 57 1 1 57 0 0 
1880 870 23 143 23 1 1 23 0 0 
1885 870 -8 118 -8 1 1 -8 0 0 
1890 872 -42 83 -42 1 1 -42 0 0 
1895 872 -80 48 -80 1 1 -80 0 0 
1900 872 -125 -0 -125 1 1 -125 0 0 
1905 872 -165 -10 -165 1 1 -165 0 0 
1910 872 -207 -58 -207 1 1 -207 0 0 
1915 872 -248 -133 -248 1 1 -248 0 0 
1920 870 -305 -235 -305 1 1 -305 0 0 
1925 870 -350 -325 -350 1 1 -350 0 0 
1930 869 -387 -410 -387 1 1 -387 0 0 
1935 867 -413 -503 -413 1 1 -413 0 0 
1940 863 -435 -588 -435 1 1 -435 0 0 
1945 860 -443 -600 -443 1 1 -443 0 0 
1950 858 -443 -600 -443 2 1 -443 0 0 
1955 854 -440 -600 -440 2 1 -440 0 0 
1960 850 -432 -603 -432 2 1 -432 0 0 
1965 847 -435 -603 -435 2 1 -435 0 0 
1970 843 -447 -600 -447 2 1 -447 0 0 
1975 841 -473 -603 -473 2 1 -473 0 0 
1980 838 -510 -600 -510 2 1 -510 0 0 
1985 834 -545 -600 -545 2 1 -545 0 0 
1990 830 -585 -603 -585 2 1 -585 0 0 
1995 829 -627 -600 -627 2 1 -627 0 0 
2000 825 -675 -600 -675 2 1 -675 0 0 
2005 821 -710 -603 -710 2 1 -710 0 0 
2010 820 -747 -600 -747 2 1 -747 0 0 
2015 816 -780 -600 -780 2 1 -780 0 0 
2020 812 -822 -600 -822 2 1 -822 0 0 
2025 809 -855 -600 -855 2 1 -855 0 0 
2030 807 -878 -600 -878 2 1 -878 0 0 
2035 803 -905 -600 -905 2 1 -905 0 0 
2040 800 -927 -603 -927 2 1 -927 0 0 
2045 798 -938 -600 -938 2 1 -938 0 0 
2050 794 -945 -600 -945 2 1 -945 0 0 
2055 792 -950 -600 -950 2 1 -950 0 0 
2060 789 -942 -600 -942 2 1 -942 0 0 
2065 785 -935 -600 -935 2 1 -935 0 0 
2070 783 -927 -600 -927 2 1 -927 0 0 
2075 780 -915 -603 -915 2 1 -915 0 0 
2080 776 -905 -600 -905 2 1 -905 0 0 
2085 772 -897 -600 -897 2 1 -897 0 0 
2090 771 -893 -600 -893 2 1 -893 0 0 
2095 769 -893 -600 -893 2 1 -893 0 0 
2100 765 -897 -600 -897 2 1 -897 0 0 
2105 762 -908 -600 -908 2 1 -908 0 0 
2110 758 -915 -600 -915 2 1 -915 0 0 
2115 756 -927 -600 -927 2 1 -927 0 0 
2120 753 -945 -600 -945 2 1 -945 0 0 
2125 749 -960 -600 -960 2 1 -960 0 0 
2130 745 -975 -600 -975 2 1 -975 0 0 
2135 743 -995 -600 -995 2 1 -995 0 0 
2140 740 -1013 -603 -1013 2 1 -1013 0 0 
2145 736 -1025 -600 -1025 2 1 -1025 0 0 
2150 734 -1043 -603 -1043 2 1 -1043 0 0 
2155 731 -1058 -600 -1058 2 1 -1058 0 0 
2160 727 -1073 -603 -1073 2 1 -1073 0 0 
2165 723 -1088 -603 -1088 2 1 -1088 0 0 
2170 722 -1100 -603 -1100 2 1 -1100 0 0 
2175 718 -1107 -603 -1107 2 1 -1107 0 0 
2180 714 -1115 -603 -1115 2 1 -1115 0 0 
2185 713 -1122 -600 -1122 2 1 -1122 0 0 
2190 709 -1125 -600 -1125 2 1 -1125 0 0 
2195 705 -1133 -600 -1133 2 1 -1133 0 0 
2200 704 -1140 -600 -1140 2 1 -1140 0 0 
2205 698 -1145 -603 -1145 2 1 -1145 0 0 
2210 696 -1148 -600 -1148 2 1 -1148 0 0 
2215 694 -1152 -600 -1152 2 1 -1152 0 0 
2220 689 -1160 -600 -1160 2 1 -1160 0 0 
2225 687 -1163 -600 -1163 2 1 -1163 0 0 
2230 685 -1167 -603 -1167 2 1 -1167 0 0 
2235 682 -1175 -600 -1175 2 1 -1175 0 0 
2240 678 -1178 -600 -1178 2 1 -1178 0 0 
2245 675 -1182 -603 -1182 2 1 -1182 0 0 
2250 673 -1190 -600 -1190 2 1 -1190 0 0 
2255 669 -1193 -603 -1193 2 1 -1193 0 0 
2260 665 -1197 -600 -1197 2 1 -1197 0 0 
2265 664 -1205 -600 -1205 2 1 -1205 0 0 
2270 660 -1208 -600 -1208 2 1 -1208 0 0 
2275 658 -1208 -603 -1208 2 1 -1208 0 0 
2280 653 -1212 -600 -1212 2 1 -1212 0 0 
2285 651 -1215 -600 -1215 2 1 -1215 0 0 
2290 647 -1220 -600 -1220 2 1 -1220 0 0 
2295 646 -1220 -600 -1220 2 1 -1220 0 0 
2300 642 -1220 -600 -1220 2 1 -1220 0 0 
2305 638 -1220 -600 -1220 2 1 -1220 0 0 
2310 636 -1220 -600 -1220 2 1 -1220 0 0 
2315 633 -1215 -600 -1215 2 1 -1215 0 0 
2320 629 -1212 -600 -1212 2 1 -1212 0 0 
2325 627 -1208 -603 -1208 2 1 -1208 0 0 
2330 623 -1205 -600 -1205 2 1 -1205 0 0 
2335 619 -1197 -600 -1197 2 1 -1197 0 0 
2340 617 -1190 -603 -1190 2 1 -1190 0 0 
2345 614 -1185 -600 -1185 2 1 -1185 0 0 
2350 612 -1182 -603 -1182 2 1 -1182 0 0 
2355 608 -1175 -600 -1175 2 1 -1175 0 0 
2360 605 -1167 -600 -1167 2 1 -1167 0 0 
2365 601 -1163 -600 -1163 2 1 -1163 0 0 
2370 599 -1160 -603 -1160 2 1 -1160 0 0 
2375 596 -1152 -600 -1152 2 1 -1152 0 0 
2380 592 -1140 -600 -1140 2 1 -1140 0 0 
2385 590 -1133 -600 -1133 2 1 -1133 0 0 
2390 586 -1125 -603 -1125 2 1 -1125 0 0 
2395 585 -1118 -600 -1118 2 1 -1118 0 0 
2400 579 -1103 -600 -1103 2 1 -1103 0 0 
2405 577 -1095 -600 -1095 2 1 -1095 0 0 
2410 574 -1085 -603 -1085 2 1 -1085 0 0 
2415 572 -1073 -600 -1073 2 1 -1073 0 0 
2420 568 -1062 -603 -1062 2 1 -1062 0 0 
2425 567 -1050 -600 -1050 2 1 -1050 0 0 
2430 563 -1035 -603 -1035 2 1 -1035 0 0 
2435 559 -1025 -600 -1025 2 1 -1025 0 0 
2440 557 -1013 -600 -1013 2 1 -1013 0 0 
2445 554 -998 -600 -998 2 1 -998 0 0 
2450 552 -987 -603 -987 2 1 -987 0 0 
2455 548 -972 -600 -972 2 1 -972 0 0 
2460 545 -957 -600 -957 2 1 -957 0 0 
2465 541 -950 -600 -950 2 1 -950 0 0 
2470 539 -938 -600 -938 2 1 -938 0 0 
2475 536 -930 -600 -930 2 1 -930 0 0 
2480 532 -923 -600 -923 2 1 -923 0 0 
2485 530 -912 -603 -912 2 1 -912 0 0 
2490 527 -908 -600 -908 2 1 -908 0 0 
2495 525 -900 -603 -900 2 1 -900 0 0 
2500 521 -893 -600 -893 2 1 -893 0 0 
2505 518 -890 -600 -890 2 1 -890 0 0 
2510 516 -885 -600 -885 2 1 -885 0 0 
2515 512 -878 -600 -878 2 1 -878 0 0 
2520 508 -875 -600 -875 2 1 -875 0 0 
2525 507 -867 -600 -867 2 1 -867 0 0 
2530 503 -860 -603 -860 2 1 -860 0 0 
2535 499 -855 -600 -855 2 1 -855 0 0 
2540 496 -848 -603 -848 2 1 -848 0 0 
2545 494 -837 -603 -837 2 1 -837 0 0 
2550 490 -830 -603 -830 2 1 -830 0 0 
2555 489 -818 -600 -818 2 1 -818 0 0 
2560 483 -803 -600 -803 2 1 -803 0 0 
2565 481 -795 -603 -795 2 1 -795 0 0 
2570 479 -785 -600 -785 2 1 -785 0 0 
2575 476 -777 -600 -777 2 1 -777 0 0 
2580 470 -762 -600 -762 2 1 -762 0 0 
2585 470 -755 -600 -755 2 1 -755 0 0 
2590 467 -747 -603 -747 2 1 -747 0 0 
2595 463 -735 -600 -735 2 1 -735 0 0 
2600 460 -728 -600 -728 2 1 -728 0 0 
2605 458 -720 -600 -720 2 1 -720 0 0 
2610 454 -713 -603 -713 2 1 -713 0 0 
2615 452 -705 -603 -705 2 1 -705 0 0 
2620 449 -702 -603 -702 2 1 -702 0 0 
2625 445 -698 -603 -698 2 1 -698 0 0 
2630 443 -695 -600 -695 2 1 -695 0 0 
2635 440 -687 -600 -687 2 1 -687 0 0 
2640 436 -680 -600 -680 2 1 -680 0 0 
2645 434 -675 -600 -675 2 1 -675 0 0 
2650 431 -668 -600 -668 2 1 -668 0 0 
2655 429 -665 -600 -665 2 1 -665 0 0 
2660 425 -653 -603 -653 2 1 -653 0 0 
2665 421 -650 -600 -650 2 1 -650 0 0 
2670 420 -642 -600 -642 2 1 -642 0 0 
2675 416 -630 -600 -630 2 1 -630 0 0 
2680 412 -620 -600 -620 2 1 -620 0 0 
2685 411 -608 -600 -608 2 1 -608 0 0 
2690 407 -597 -603 -597 2 1 -597 0 0 
2695 405 -590 -603 -590 2 1 -590 0 0 
2700 401 -578 -600 -578 2 1 -578 0 0 
2705 398 -567 -600 -567 2 1 -567 0 0 
2710 396 -560 -603 -560 2 1 -560 0 0 
2715 392 -548 -600 -548 2 1 -548 0 0 
2720 389 -540 -600 -540 2 1 -540 0 0 
2725 385 -533 -600 -533 2 1 -533 0 0 
2730 385 -525 -600 -525 2 1 -525 0 0 
2735 382 -522 -600 -522 2 1 -522 0 0 
2740 378 -510 -603 -510 2 1 -510 0 0 
2745 374 -507 -600 -507 2 1 -507 0 0 
2750 372 -503 -600 -503 2 1 -503 0 0 
2755 369 -495 -600 -495 2 1 -495 0 0 
2760 365 -488 -600 -488 2 1 -488 0 0 
2765 362 -480 -600 -480 2 1 -480 0 0 
2770 360 -477 -600 -477 2 1 -477 0 0 
2775 358 -473 -600 -473 2 1 -473 0 0 
2780 354 -465 -600 -465 2 1 -465 0 0 
2785 351 -462 -600 -462 2 1 -462 0 0 
2790 347 -458 -600 -458 2 1 -458 0 0 
2795 345 -450 -600 -450 2 1 -450 0 0 
2800 342 -447 -600 -447 2 1 -447 0 0 
2805 338 -435 -600 -435 2 1 -435 0 0 
2810 336 -432 -600 -432 2 1 -432 0 0 
2815 333 -428 -600 -428 2 1 -428 0 0 
2820 331 -420 -603 -420 2 1 -420 0 0 
2825 327 -413 -600 -413 2 1 -413 0 0 
2830 323 -405 -600 -405 2 1 -405 0 0 
2835 322 -398 -603 -398 2 1 -398 0 0 
2840 318 -395 -600 -395 2 1 -395 0 0 
2845 314 -390 -600 -390 2 1 -390 0 0 
2850 313 -383 -600 -383 2 1 -383 0 0 
2855 309 -380 -600 -380 2 1 -380 0 0 
2860 307 -372 -600 -372 2 1 -372 0 0 
2865 302 -365 -600 -365 2 1 -365 0 0 
2870 300 -357 -600 -357 2 1 -357 0 0 
2875 296 -350 -600 -350 2 1 -350 0 0 
2880 294 -342 -603 -342 2 1 -342 0 0 
2885 289 -335 -600 -335 2 1 -335 0 0 
2890 287 -330 -600 -330 2 1 -330 0 0 
2895 285 -323 -600 -323 2 1 -323 0 0 
2900 282 -320 -600 -320 2 1 -320 0 0 
2905 278 -315 -600 -315 2 1 -315 0 0 
2910 275 -308 -600 -308 2 1 -308 0 0 
2915 273 -308 -603 -308 2 1 -308 0 0 
2920 269 -300 -600 -300 2 1 -300 0 0 
2925 265 -297 -603 -297 2 1 -297 0 0 
2930 264 -293 -603 -293 2 1 -293 0 0 
2935 260 -285 -600 -285 2 1 -285 0 0 
2940 258 -282 -603 -282 2 1 -282 0 0 
2945 255 -278 -600 -278 2 1 -278 0 0 
2950 251 -270 -600 -270 2 1 -270 0 0 
2955 247 -267 -603 -267 2 1 -267 0 0 
2960 246 -260 -600 -260 2 1 -260 0 0 
2965 242 -252 -600 -252 2 1 -252 0 0 
2970 240 -245 -600 -245 2 1 -245 0 0 
2975 236 -237 -600 -237 2 1 -237 0 0 
2980 233 -233 -600 -233 2 1 -233 0 0 
2985 229 -230 -600 -230 2 1 -230 0 0 
2990 227 -222 -600 -222 2 1 -222 0 0 
2995 226 -218 -600 -218 2 1 -218 0 0 
3000 222 -215 -600 -215 2 1 -215 0 0 
3005 218 -207 -600 -207 2 1 -207 0 0 
3010 216 -203 -585 -203 2 1 -203 0 0 
3015 213 -200 -580 -200 2 1 -200 0 0 
3020 211 -195 -573 -195 2 1 -195 0 0 
3025 207 -192 -555 -192 2 1 -192 0 0 
3030 206 -192 -555 -192 2 1 -192 0 0 
3035 202 -192 -540 -192 2 1 -192 0 0 
3040 200 -192 -535 -192 2 1 -192 0 0 
3045 197 -195 -525 -195 2 1 -195 0 0 
3050 193 -195 -515 -195 2 1 -195 0 0 
3055 191 -200 -503 -200 2 1 -200 0 0 
3060 189 -200 -495 -200 2 1 -200 0 0 
3065 186 -200 -485 -200 2 1 -200 0 0 
3070 184 -200 -475 -200 2 1 -200 0 0 
3075 182 -200 -468 -200 2 1 -200 0 0 
3080 180 -192 -463 -192 2 1 -192 0 0 
3085 177 -188 -450 -188 2 1 -188 0 0 
3090 175 -180 -438 -180 2 1 -180 0 0 
3095 173 -177 -433 -177 2 1 -177 0 0 
3100 171 -170 -423 -170 2 1 -170 0 0 
3105 168 -162 -410 -162 2 1 -162 0 0 
3110 166 -155 -410 -155 2 1 -155 0 0 
3115 164 -150 -405 -150 2 1 -150 0 0 
3120 162 -143 -395 -143 2 1 -143 0 0 
3125 160 -135 -383 -135 2 1 -135 0 0 
3130 158 -125 -370 -125 2 1 -125 0 0 
3135 157 -117 -355 -117 2 1 -117 0 0 
3140 155 -113 -350 -113 2 1 -113 0 0 
3145 153 -105 -340 -105 2 1 -105 0 0 
3150 151 -102 -330 -102 2 1 -102 0 0 
3155 149 -98 -323 -98 2 1 -98 0 0 
3160 148 -95 -313 -95 2 1 -95 0 0 
3165 146 -90 -300 -90 2 1 -90 0 0 
3170 144 -87 -298 -87 2 1 -87 0 0 
3175 144 -87 -285 -87 2 1 -87 0 0 
3180 142 -83 -275 -83 2 1 -83 0 0 
3185 140 -75 -260 -75 2 1 -75 0 0 
3190 139 -68 -250 -68 2 1 -68 0 0 
3195 139 -65 -248 -65 2 1 -65 0 0 
3200 137 -53 -248 -53 2 1 -53 0 0 
3205 137 -45 -233 -45 2 1 -45 0 0 
3210 133 -38 -220 -38 2 1 -38 0 0 
3215 133 -27 -213 -27 2 1 -27 0 0 
3220 131 -20 -200 -20 2 1 -20 0 0 
3225 131 -12 -185 -12 2 1 -12 0 0 
3230 131 -5 -175 -5 2 1 -5 0 0 
3235 129 5 -165 5 2 1 5 0 0 
3240 129 12 -158 12 2 1 12 0 0 
3245 128 23 -143 23 2 1 23 0 0 
3250 128 30 -128 30 2 1 30 0 0 
3255 128 38 -115 38 2 1 38 0 0 
3260 126 50 -93 50 2 1 50 0 0 
3265 126 65 -68 65 2 1 65 0 0 
3270 126 80 -43 80 2 1 80 0 0 
3275 126 90 -13 90 2 1 90 0 0 
3280 124 105 -0 105 2 1 105 0 0 
3285 126 125 15 125 2 1 125 0 0 
3290 126 140 55 140 2 1 140 0 0 
3295 126 155 103 155 2 1 155 0 0 
3300 126 173 153 173 2 1 173 0 0 
3305 128 195 213 195 2 1 195 0 0 
3310 128 215 265 215 2 1 215 0 0 
3315 129 225 325 225 2 1 225 0 0 
3320 131 237 380 237 2 1 237 0 0 
3325 133 240 455 240 2 1 240 0 0 
3330 135 245 515 245 2 1 245 0 0 
3335 139 248 578 248 3 1 248 0 0 
3340 140 252 598 252 3 1 252 0 0 
3345 144 255 600 255 3 1 255 0 0 
3350 146 260 600 260 3 1 260 0 0 
3355 149 267 600 267 3 1 267 0 0 
3360 153 282 600 282 3 1 282 0 0 
3365 157 312 600 312 3 1 312 0 0 
3370 160 342 600 342 3 1 342 0 0 
3375 162 383 598 383 3 1 383 0 0 
3380 166 420 598 420 3 1 420 0 0 
3385 169 473 600 473 3 1 473 0 0 
3390 171 515 600 515 3 1 515 0 0 
3395 175 555 600 555 3 1 555 0 0 
3400 178 585 600 585 3 1 585 0 0 
3405 182 623 600 623 3 1 623 0 0 
3410 184 645 598 645 3 1 645 0 0 
3415 187 665 600 665 3 1 665 0 0 
3420 189 680 598 680 3 1 680 0 0 
3425 193 695 598 695 3 1 695 0 0 
3430 197 705 600 705 3 1 705 0 0 
3435 200 717 600 717 3 1 717 0 0 
3440 202 725 600 725 3 1 725 0 0 
3445 206 735 600 735 3 1 735 0 0 
3450 209 743 600 743 3 1 743 0 0 
3455 211 758 600 758 3 1 758 0 0 
3460 215 765 598 765 3 1 765 0 0 
3465 216 780 598 780 3 1 780 0 0 
3470 220 788 600 788 3 1 788 0 0 
3475 224 795 600 795 3 1 795 0 0 
3480 226 803 600 803 3 1 803 0 0 
3485 229 807 600 807 3 1 807 0 0 
3490 233 807 600 807 3 1 807 0 0 
3495 235 803 598 803 3 1 803 0 0 
3500 238 800 600 800 3 1 800 0 0 
3505 242 795 598 795 3 1 795 0 0 
3510 246 792 600 792 3 1 792 0 0 
3515 247 795 600 795 3 1 795 0 0 
3520 251 800 598 800 3 1 800 0 0 
3525 253 803 600 803 3 1 803 0 0 
3530 256 815 598 815 3 1 815 0 0 
3535 260 825 600 825 3 1 825 0 0 
3540 262 840 598 840 3 1 840 0 0 
3545 267 855 600 855 3 1 855 0 0 
3550 269 870 600 870 3 1 870 0 0 
3555 271 882 600 882 3 1 882 0 0 
3560 275 893 598 893 3 1 893 0 0 
3565 278 908 598 908 3 1 908 0 0 
3570 282 923 598 923 3 1 923 0 0 
3575 284 930 600 930 3 1 930 0 0 
3580 287 942 598 942 3 1 942 0 0 
3585 291 953 600 953 3 1 953 0 0 
3590 294 957 600 957 3 1 957 0 0 
3595 296 965 600 965 3 1 965 0 0 
3600 300 965 600 965 3 1 965 0 0 
3605 302 965 600 965 3 1 965 0 0 
3610 305 965 600 965 3 1 965 0 0 
3615 309 960 598 960 3 1 960 0 0 
3620 313 957 600 957 3 1 957 0 0 
3625 316 953 600 953 3 1 953 0 0 
3630 318 950 598 950 3 1 950 0 0 
3635 320 945 600 945 3 1 945 0 0 
3640 323 945 600 945 3 1 945 0 0 
3645 327 945 598 945 3 1 945 0 0 
3650 331 942 600 942 3 1 942 0 0 
3655 333 942 598 942 3 1 942 0 0 
3660 336 942 600 942 3 1 942 0 0 
3665 340 942 600 942 3 1 942 0 0 
3670 342 942 600 942 3 1 942 0 0 
3675 345 942 600 942 3 1 942 0 0 
3680 349 938 600 938 3 1 938 0 0 
3685 351 938 600 938 3 1 938 0 0 
3690 354 935 600 935 3 1 935 0 0 
3695 356 930 600 930 3 1 930 0 0 
3700 360 927 598 927 3 1 927 0 0 
3705 363 923 600 923 3 1 923 0 0 
3710 365 923 600 923 3 1 923 0 0 
3715 369 920 600 920 3 1 920 0 0 
3720 372 915 600 915 3 1 915 0 0 
3725 376 915 598 915 3 1 915 0 0 
3730 378 915 600 915 3 1 915 0 0 
3735 382 915 598 915 3 1 915 0 0 
3740 383 920 600 920 3 1 920 0 0 
3745 387 920 600 920 3 1 920 0 0 
3750 391 923 600 923 3 1 923 0 0 
3755 392 927 598 927 3 1 927 0 0 
3760 396 927 600 927 3 1 927 0 0 
3765 400 927 600 927 3 1 927 0 0 
3770 401 927 600 927 3 1 927 0 0 
3775 405 927 600 927 3 1 927 0 0 
3780 407 930 600 930 3 1 930 0 0 
3785 411 930 600 930 3 1 930 0 0 
3790 414 927 598 927 3 1 927 0 0 
3795 416 927 598 927 3 1 927 0 0 
3800 420 927 600 927 3 1 927 0 0 
3805 423 927 600 927 3 1 927 0 0 
3810 425 927 600 927 3 1 927 0 0 
3815 429 927 600 927 3 1 927 0 0 
3820 431 923 600 923 3 1 923 0 0 
3825 434 923 598 923 3 1 923 0 0 
3830 436 923 600 923 3 1 923 0 0 
3835 440 920 598 920 3 1 920 0 0 
3840 443 923 600 923 3 1 923 0 0 
3845 447 927 598 927 3 1 927 0 0 
3850 449 927 598 927 3 1 927 0 0 
3855 452 927 600 927 3 1 927 0 0 
3860 454 930 600 930 3 1 930 0 0 
3865 458 935 600 935 3 1 935 0 0 
3870 461 938 600 938 3 1 938 0 0 
3875 463 938 598 938 3 1 938 0 0 
3880 467 942 600 942 3 1 942 0 0 
3885 470 942 600 942 3 1 942 0 0 
3890 472 938 598 938 3 1 938 0 0 
3895 476 938 600 938 3 1 938 0 0 
3900 479 935 600 935 3 1 935 0 0 
3905 483 927 600 927 3 1 927 0 0 
3910 485 923 600 923 3 1 923 0 0 
3915 489 915 600 915 3 1 915 0 0 
3920 492 912 600 912 3 1 912 0 0 
3925 496 900 600 900 3 1 900 0 0 
3930 498 897 600 897 3 1 897 0 0 
3935 499 893 600 893 3 1 893 0 0 
3940 503 890 600 890 3 1 890 0 0 
3945 507 890 600 890 3 1 890 0 0 
3950 510 885 600 885 3 1 885 0 0 
3955 514 890 598 890 3 1 890 0 0 
3960 516 890 600 890 3 1 890 0 0 
3965 519 893 600 893 3 1 893 0 0 
3970 523 897 600 897 3 1 897 0 0 
3975 525 900 600 900 3 1 900 0 0 
3980 528 900 600 900 3 1 900 0 0 
3985 530 905 600 905 3 1 905 0 0 
3990 534 900 600 900 3 1 900 0 0 
3995 538 900 600 900 3 1 900 0 0 
4000 539 897 600 897 3 1 897 0 0 
4005 543 890 600 890 3 1 890 0 0 
4010 547 885 600 885 3 1 885 0 0 
4015 548 882 600 882 3 1 882 0 0 
4020 552 878 600 878 3 1 878 0 0 
4025 556 878 600 878 3 1 878 0 0 
4030 557 875 600 875 3 1 875 0 0 
4035 561 875 600 875 3 1 875 0 0 
4040 563 875 600 875 3 1 875 0 0 
4045 568 878 598 878 3 1 878 0 0 
4050 570 882 598 882 3 1 882 0 0 
4055 574 885 600 885 3 1 885 0 0 
4060 576 885 600 885 3 1 885 0 0 
4065 579 890 598 890 3 1 890 0 0 
4070 581 890 600 890 3 1 890 0 0 
4075 585 893 598 893 3 1 893 0 0 
4080 588 893 600 893 3 1 893 0 0 
4085 590 897 600 897 3 1 897 0 0 
4090 594 897 600 897 3 1 897 0 0 
4095 597 897 600 897 3 1 897 0 0 
4100 599 900 598 900 3 1 900 0 0 
4105 603 900 600 900 3 1 900 0 0 
4110 606 900 600 900 3 1 900 0 0 
4115 608 905 600 905 3 1 905 0 0 
4120 612 905 600 905 3 1 905 0 0 
4125 615 908 600 908 3 1 908 0 0 
4130 617 908 600 908 3 1 908 0 0 
4135 621 908 600 908 3 1 908 0 0 
4140 623 908 600 908 3 1 908 0 0 
4145 627 908 600 908 3 1 908 0 0 
4150 631 905 600 905 3 1 905 0 0 
4155 635 900 600 900 3 1 900 0 0 
4160 636 897 600 897 3 1 897 0 0 
4165 640 893 600 893 3 1 893 0 0 
4170 642 890 598 890 3 1 890 0 0 
4175 646 885 600 885 3 1 885 0 0 
4180 649 885 600 885 3 1 885 0 0 
4185 651 885 600 885 3 1 885 0 0 
4190 655 882 600 882 3 1 882 0 0 
4195 656 882 598 882 3 1 882 0 0 
4200 660 882 600 882 3 1 882 0 0 
4205 664 885 600 885 3 1 885 0 0 
4210 667 885 598 885 3 1 885 0 0 
4215 671 885 600 885 3 1 885 0 0 
4220 673 890 600 890 3 1 890 0 0 
4225 676 890 600 890 3 1 890 0 0 
4230 678 893 600 893 3 1 893 0 0 
4235 682 897 598 897 3 1 897 0 0 
4240 684 897 600 897 3 1 897 0 0 
4245 687 900 600 900 3 1 900 0 0 
4250 691 905 598 905 3 1 905 0 0 
4255 693 905 600 905 3 1 905 0 0 
4260 696 908 600 908 3 1 908 0 0 
4265 700 908 598 908 3 1 908 0 0 
4270 702 912 600 912 3 1 912 0 0 
4275 705 915 598 915 3 1 915 0 0 
4280 709 915 598 915 3 1 915 0 0 
4285 713 920 600 920 3 1 920 0 0 
4290 714 920 600 920 3 1 920 0 0 
4295 718 923 600 923 3 1 923 0 0 
4300 720 923 598 923 3 1 923 0 0 
4305 723 923 600 923 3 1 923 0 0 
4310 727 923 600 923 3 1 923 0 0 
4315 729 927 600 927 3 1 927 0 0 
4320 733 927 600 927 3 1 927 0 0 
4325 736 930 598 930 3 1 930 0 0 
4330 740 935 600 935 3 1 935 0 0 
4335 742 938 598 938 3 1 938 0 0 
4340 745 942 600 942 3 1 942 0 0 
4345 749 945 600 945 3 1 945 0 0 
4350 751 950 600 950 3 1 950 0 0 
4355 754 953 600 953 3 1 953 0 0 
4360 758 953 600 953 3 1 953 0 0 
4365 760 953 598 953 3 1 953 0 0 
4370 763 957 600 957 3 1 957 0 0 
4375 765 953 598 953 3 1 953 0 0 
4380 769 953 600 953 3 1 953 0 0 
4385 772 950 600 950 3 1 950 0 0 
4390 776 945 600 945 3 1 945 0 0 
4395 778 942 600 942 3 1 942 0 0 
4400 780 938 600 938 3 1 938 0 0 
4405 783 935 588 935 3 1 935 0 0 
4410 787 930 578 930 3 1 930 0 0 
4415 789 927 565 927 3 1 927 0 0 
4420 792 923 560 923 3 1 923 0 0 
4425 794 923 553 923 3 1 923 0 0 
4430 798 920 545 920 3 1 920 0 0 
4435 800 920 528 920 3 1 920 0 0 
4440 801 923 525 923 3 1 923 0 0 
4445 805 923 520 923 3 1 923 0 0 
4450 809 927 503 927 3 1 927 0 0 
4455 811 927 495 927 3 1 927 0 0 
4460 812 927 488 927 3 1 927 0 0 
4465 816 927 480 927 3 1 927 0 0 
4470 818 920 468 920 3 1 920 0 0 
4475 820 915 458 915 3 1 915 0 0 
4480 821 908 455 908 3 1 908 0 0 
4485 825 900 445 900 3 1 900 0 0 
4490 827 890 433 890 3 1 890 0 0 
4495 829 885 423 885 3 1 885 0 0 
4500 830 875 415 875 3 1 875 0 0 
4505 832 867 410 867 3 1 867 0 0 
4510 836 860 403 860 3 1 860 0 0 
4515 836 852 383 852 3 1 852 0 0 
4520 840 845 380 845 3 1 845 0 0 
4525 841 837 368 837 3 1 837 0 0 
4530 843 830 358 830 3 1 830 0 0 
4535 845 818 353 818 3 1 818 0 0 
4540 845 810 343 810 3 1 810 0 0 
4545 849 792 333 792 3 1 792 0 0 
4550 850 773 323 773 3 1 773 0 0 
4555 850 755 318 755 3 1 755 0 0 
4560 852 732 305 732 3 1 732 0 0 
4565 854 710 298 710 3 1 710 0 0 
4570 856 680 290 680 3 1 680 0 0 
4575 858 657 280 657 3 1 657 0 0 
4580 858 630 273 630 3 1 630 0 0 
4585 860 605 265 605 3 1 605 0 0 
4590 861 578 253 578 3 1 578 0 0 
4595 863 555 248 555 3 1 555 0 0 
4600 863 537 238 537 3 1 537 0 0 
4605 865 518 225 518 3 1 518 0 0 
4610 865 500 213 500 3 1 500 0 0 
4615 867 480 210 480 3 1 480 0 0 
4620 869 465 195 465 3 1 465 0 0 
4625 869 450 185 450 3 1 450 0 0 
4630 869 432 180 432 3 1 432 0 0 
4635 870 413 170 413 3 1 413 0 0 
4640 872 398 170 398 3 1 398 0 0 
4645 870 375 168 375 3 1 375 0 0 
4650 872 350 158 350 3 1 350 0 0 
4655 872 323 145 323 3 1 323 0 0 
4660 874 300 133 300 3 1 300 0 0 
4665 874 275 133 275 3 1 275 0 0 
4670 876 248 133 248 3 1 248 0 0 
4675 876 225 123 225 3 1 225 0 0 
4680 876 203 118 203 3 1 203 0 0 
4685 876 177 118 177 3 1 177 0 0 
4690 878 150 118 150 3 1 150 0 0 
4695 878 125 105 125 3 1 125 0 0 
4700 878 102 100 102 3 1 102 0 0 
4705 878 80 90 80 3 1 80 0 0 
4710 879 42 75 42 3 1 42 0 0 
4715 878 8 53 8 3 1 8 0 0 
4720 878 -27 25 -27 3 1 -27 0 0 
4725 879 -65 -0 -65 3 1 -65 0 0 
4730 879 -102 -18 -102 3 1 -102 0 0 
4735 878 -135 -70 -135 3 1 -135 0 0 
4740 878 -177 -135 -177 3 1 -177 0 0 
4745 878 -215 -205 -215 3 1 -215 0 0 
4750 876 -263 -290 -263 3 1 -263 0 0 
4755 874 -300 -368 -300 3 1 -300 0 0 
4760 872 -335 -448 -335 3 1 -335 0 0 
4765 870 -357 -525 -357 3 1 -357 0 0 
4770 869 -375 -590 -375 3 1 -375 0 0 
4775 865 -380 -600 -380 4 1 -380 0 0 
4780 861 -372 -600 -372 4 1 -372 0 0 
4785 860 -365 -600 -365 4 1 -365 0 0 
4790 856 -350 -603 -350 4 1 -350 0 0 
4795 852 -345 -600 -345 4 1 -345 0 0 
4800 849 -357 -600 -357 4 1 -357 0 0 
4805 847 -372 -600 -372 4 1 -372 0 0 
4810 841 -402 -600 -402 4 1 -402 0 0 
4815 840 -435 -600 -435 4 1 -435 0 0 
4820 836 -477 -600 -477 4 1 -477 0 0 
4825 832 -518 -600 -518 4 1 -518 0 0 
4830 830 -563 -600 -563 4 1 -563 0 0 
4835 827 -608 -603 -608 4 1 -608 0 0 
4840 823 -653 -603 -653 4 1 -653 0 0 
4845 821 -695 -600 -695 4 1 -695 0 0 
4850 816 -743 -600 -743 4 1 -743 0 0 
4855 814 -780 -600 -780 4 1 -780 0 0 
4860 811 -818 -600 -818 4 1 -818 0 0 
4865 807 -848 -600 -848 4 1 -848 0 0 
4870 805 -875 -603 -875 4 1 -875 0 0 
4875 801 -890 -600 -890 4 1 -890 0 0 
4880 800 -900 -603 -900 4 1 -900 0 0 
4885 796 -905 -600 -905 4 1 -905 0 0 
4890 792 -900 -600 -900 4 1 -900 0 0 
4895 789 -893 -600 -893 4 1 -893 0 0 
4900 787 -885 -600 -885 4 1 -885 0 0 
4905 783 -878 -603 -878 4 1 -878 0 0 
4910 782 -875 -603 -875 4 1 -875 0 0 
4915 778 -870 -600 -870 4 1 -870 0 0 
4920 774 -875 -600 -875 4 1 -875 0 0 
4925 772 -882 -600 -882 4 1 -882 0 0 
4930 769 -893 -600 -893 4 1 -893 0 0 
4935 765 -908 -600 -908 4 1 -908 0 0 
4940 763 -927 -603 -927 4 1 -927 0 0 
4945 760 -945 -603 -945 4 1 -945 0 0 
4950 756 -975 -600 -975 4 1 -975 0 0 
4955 753 -1002 -600 -1002 4 1 -1002 0 0 
4960 751 -1025 -603 -1025 4 1 -1025 0 0 
4965 747 -1055 -603 -1055 4 1 -1055 0 0 
4970 743 -1088 -600 -1088 4 1 -1088 0 0 
4975 740 -1115 -600 -1115 4 1 -1115 0 0 
4980 738 -1140 -600 -1140 4 1 -1140 0 0 
4985 734 -1163 -600 -1163 4 1 -1163 0 0 
4990 731 -1182 -600 -1182 4 1 -1182 0 0 
4995 729 -1197 -600 -1197 4 1 -1197 0 0 
5000 725 -1212 -600 -1212 4 1 -1212 0 0 
5005 722 -1220 -600 -1220 4 1 -1220 0 0 
5010 718 -1227 -600 -1227 4 1 -1227 0 0 
5015 716 -1227 -603 -1227 4 1 -1227 0 0 
5020 713 -1227 -600 -1227 4 1 -1227 0 0 
5025 711 -1220 -603 -1220 4 1 -1220 0 0 
5030 707 -1212 -600 -1212 4 1 -1212 0 0 
5035 704 -1208 -600 -1208 4 1 -1208 0 0 
5040 700 -1200 -600 -1200 4 1 -1200 0 0 
5045 698 -1193 -603 -1193 4 1 -1193 0 0 
5050 694 -1190 -600 -1190 4 1 -1190 0 0 
5055 691 -1182 -603 -1182 4 1 -1182 0 0 
5060 689 -1178 -600 -1178 4 1 -1178 0 0 
5065 685 -1178 -603 -1178 4 1 -1178 0 0 
5070 682 -1178 -600 -1178 4 1 -1178 0 0 
5075 680 -1182 -600 -1182 4 1 -1182 0 0 
5080 676 -1182 -600 -1182 4 1 -1182 0 0 
5085 675 -1182 -600 -1182 4 1 -1182 0 0 
5090 671 -1185 -600 -1185 4 1 -1185 0 0 
5095 667 -1185 -600 -1185 4 1 -1185 0 0 
5100 664 -1185 -600 -1185 4 1 -1185 0 0 
5105 662 -1182 -603 -1182 4 1 -1182 0 0 
5110 658 -1178 -600 -1178 4 1 -1178 0 0 
5115 655 -1170 -603 -1170 4 1 -1170 0 0 
5120 653 -1167 -600 -1167 4 1 -1167 0 0 
5125 649 -1155 -600 -1155 4 1 -1155 0 0 
5130 647 -1145 -600 -1145 4 1 -1145 0 0 
5135 644 -1133 -600 -1133 4 1 -1133 0 0 
5140 642 -1122 -600 -1122 4 1 -1122 0 0 
5145 638 -1110 -603 -1110 4 1 -1110 0 0 
5150 635 -1100 -600 -1100 4 1 -1100 0 0 
5155 631 -1092 -600 -1092 4 1 -1092 0 0 
5160 629 -1085 -603 -1085 4 1 -1085 0 0 
5165 626 -1077 -603 -1077 4 1 -1077 0 0 
5170 621 -1070 -600 -1070 4 1 -1070 0 0 
5175 617 -1065 -600 -1065 4 1 -1065 0 0 
5180 615 -1062 -600 -1062 4 1 -1062 0 0 
5185 614 -1055 -603 -1055 4 1 -1055 0 0 
5190 610 -1047 -600 -1047 4 1 -1047 0 0 
5195 606 -1040 -600 -1040 4 1 -1040 0 0 
5200 603 -1032 -603 -1032 4 1 -1032 0 0 
5205 601 -1020 -600 -1020 4 1 -1020 0 0 
5210 597 -1013 -600 -1013 4 1 -1013 0 0 
5215 594 -1002 -600 -1002 4 1 -1002 0 0 
5220 592 -987 -603 -987 4 1 -987 0 0 
5225 588 -975 -600 -975 4 1 -975 0 0 
5230 585 -957 -600 -957 4 1 -957 0 0 
5235 583 -945 -600 -945 4 1 -945 0 0 
5240 579 -930 -600 -930 4 1 -930 0 0 
5245 577 -923 -600 -923 4 1 -923 0 0 
5250 574 -905 -600 -905 4 1 -905 0 0 
5255 570 -897 -600 -897 4 1 -897 0 0 
5260 568 -885 -600 -885 4 1 -885 0 0 
5265 565 -878 -603 -878 4 1 -878 0 0 
5270 561 -870 -600 -870 4 1 -870 0 0 
5275 559 -867 -603 -867 4 1 -867 0 0 
5280 556 -863 -600 -863 4 1 -863 0 0 
5285 554 -860 -603 -860 4 1 -860 0 0 
5290 550 -860 -600 -860 4 1 -860 0 0 
5295 547 -855 -603 -855 4 1 -855 0 0 
5300 545 -855 -600 -855 4 1 -855 0 0 
5305 541 -852 -603 -852 4 1 -852 0 0 
5310 538 -852 -600 -852 4 1 -852 0 0 
5315 534 -848 -600 -848 4 1 -848 0 0 
5320 532 -845 -600 -845 4 1 -845 0 0 
5325 528 -837 -600 -837 4 1 -837 0 0 
5330 525 -833 -600 -833 4 1 -833 0 0 
5335 523 -830 -600 -830 4 1 -830 0 0 
5340 519 -822 -600 -822 4 1 -822 0 0 
5345 518 -818 -603 -818 4 1 -818 0 0 
5350 514 -810 -603 -810 4 1 -810 0 0 
5355 510 -810 -603 -810 4 1 -810 0 0 
5360 508 -803 -600 -803 4 1 -803 0 0 
5365 505 -803 -603 -803 4 1 -803 0 0 
5370 501 -800 -600 -800 4 1 -800 0 0 
5375 498 -795 -600 -795 4 1 -795 0 0 
5380 496 -792 -603 -792 4 1 -792 0 0 
5385 492 -788 -600 -788 4 1 -788 0 0 
5390 489 -785 -603 -785 4 1 -785 0 0 
5395 487 -780 -603 -780 4 1 -780 0 0 
5400 483 -780 -600 -780 4 1 -780 0 0 
5405 481 -777 -600 -777 4 1 -777 0 0 
5410 478 -770 -600 -770 4 1 -770 0 0 
5415 474 -765 -603 -765 4 1 -765 0 0 
5420 470 -762 -600 -762 4 1 -762 0 0 
5425 469 -762 -603 -762 4 1 -762 0 0 
5430 465 -758 -600 -758 4 1 -758 0 0 
5435 461 -755 -603 -755 4 1 -755 0 0 
5440 460 -750 -600 -750 4 1 -750 0 0 
5445 456 -747 -600 -747 4 1 -747 0 0 
5450 452 -740 -600 -740 4 1 -740 0 0 
5455 450 -735 -600 -735 4 1 -735 0 0 
5460 447 -732 -603 -732 4 1 -732 0 0 
5465 443 -725 -603 -725 4 1 -725 0 0 
5470 441 -717 -603 -717 4 1 -717 0 0 
5475 438 -713 -603 -713 4 1 -713 0 0 
5480 434 -705 -600 -705 4 1 -705 0 0 
5485 432 -698 -600 -698 4 1 -698 0 0 
5490 429 -690 -603 -690 4 1 -690 0 0 
5495 427 -683 -600 -683 4 1 -683 0 0 
5500 423 -675 -600 -675 4 1 -675 0 0 
5505 420 -665 -600 -665 4 1 -665 0 0 
5510 416 -653 -603 -653 4 1 -653 0 0 
5515 414 -645 -600 -645 4 1 -645 0 0 
5520 412 -635 -603 -635 4 1 -635 0 0 
5525 409 -627 -600 -627 4 1 -627 0 0 
5530 405 -615 -600 -615 4 1 -615 0 0 
5535 401 -608 -600 -608 4 1 -608 0 0 
5540 400 -600 -603 -600 4 1 -600 0 0 
5545 396 -593 -600 -593 4 1 -593 0 0 
5550 394 -585 -603 -585 4 1 -585 0 0 
5555 391 -578 -600 -578 4 1 -578 0 0 
5560 387 -570 -600 -570 4 1 -570 0 0 
5565 385 -563 -603 -563 4 1 -563 0 0 
5570 382 -555 -600 -555 4 1 -555 0 0 
5575 378 -548 -600 -548 4 1 -548 0 0 
5580 376 -545 -600 -545 4 1 -545 0 0 
5585 372 -540 -603 -540 4 1 -540 0 0 
5590 371 -530 -600 -530 4 1 -530 0 0 
5595 367 -522 -603 -522 4 1 -522 0 0 
5600 363 -510 -600 -510 4 1 -510 0 0 
5605 360 -503 -600 -503 4 1 -503 0 0 
5610 358 -495 -600 -495 4 1 -495 0 0 
5615 354 -485 -600 -485 4 1 -485 0 0 
5620 353 -477 -600 -477 4 1 -477 0 0 
5625 349 -465 -600 -465 4 1 -465 0 0 
5630 345 -455 -600 -455 4 1 -455 0 0 
5635 343 -447 -600 -447 4 1 -447 0 0 
5640 340 -440 -600 -440 4 1 -440 0 0 
5645 336 -428 -600 -428 4 1 -428 0 0 
5650 334 -417 -600 -417 4 1 -417 0 0 
5655 331 -410 -603 -410 4 1 -410 0 0 
5660 329 -405 -600 -405 4 1 -405 0 0 
5665 325 -398 -600 -398 4 1 -398 0 0 
5670 322 -390 -600 -390 4 1 -390 0 0 
5675 318 -390 -600 -390 4 1 -390 0 0 
5680 316 -383 -600 -383 4 1 -383 0 0 
5685 313 -380 -600 -380 4 1 -380 0 0 
5690 311 -375 -600 -375 4 1 -375 0 0 
5695 307 -372 -600 -372 4 1 -372 0 0 
5700 304 -368 -603 -368 4 1 -368 0 0 
5705 302 -365 -600 -365 4 1 -365 0 0 
5710 298 -357 -600 -357 4 1 -357 0 0 
5715 294 -353 -600 -353 4 1 -353 0 0 
5720 293 -350 -603 -350 4 1 -350 0 0 
5725 289 -345 -600 -345 4 1 -345 0 0 
5730 285 -342 -600 -342 4 1 -342 0 0 
5735 284 -342 -600 -342 4 1 -342 0 0 
5740 280 -338 -603 -338 4 1 -338 0 0 
5745 276 -330 -600 -330 4 1 -330 0 0 
5750 273 -327 -603 -327 4 1 -327 0 0 
5755 271 -323 -600 -323 4 1 -323 0 0 
5760 267 -315 -600 -315 4 1 -315 0 0 
5765 265 -312 -600 -312 4 1 -312 0 0 
5770 262 -300 -600 -300 4 1 -300 0 0 
5775 260 -293 -600 -293 4 1 -293 0 0 
5780 256 -285 -600 -285 4 1 -285 0 0 
5785 253 -278 -600 -278 4 1 -278 0 0 
5790 249 -267 -600 -267 4 1 -267 0 0 
5795 246 -260 -600 -260 4 1 -260 0 0 
5800 244 -252 -603 -252 4 1 -252 0 0 
5805 240 -245 -600 -245 4 1 -245 0 0 
5810 238 -233 -600 -233 4 1 -233 0 0 
5815 235 -230 -600 -230 4 1 -230 0 0 
5820 231 -222 -600 -222 4 1 -222 0 0 
5825 229 -215 -600 -215 4 1 -215 0 0 
5830 226 -203 -603 -203 4 1 -203 0 0 
5835 222 -195 -600 -195 4 1 -195 0 0 
5840 220 -188 -600 -188 4 1 -188 0 0 
5845 218 -177 -593 -177 4 1 -177 0 0 
5850 215 -165 -585 -165 4 1 -165 0 0 
5855 211 -158 -575 -158 4 1 -158 0 0 
5860 209 -155 -565 -155 4 1 -155 0 0 
5865 206 -147 -555 -147 4 1 -147 0 0 
5870 202 -147 -550 -147 4 1 -147 0 0 
5875 200 -143 -533 -143 4 1 -143 0 0 
5880 197 -147 -525 -147 4 1 -147 0 0 
5885 195 -147 -523 -147 4 1 -147 0 0 
5890 193 -147 -508 -147 4 1 -147 0 0 
5895 189 -147 -498 -147 4 1 -147 0 0 
5900 187 -147 -488 -147 4 1 -147 0 0 
5905 184 -147 -485 -147 4 1 -147 0 0 
5910 182 -143 -473 -143 4 1 -143 0 0 
5915 180 -140 -463 -140 4 1 -140 0 0 
5920 178 -135 -450 -135 4 1 -135 0 0 
5925 175 -128 -448 -128 4 1 -128 0 0 
