19060510.164
File-type:2
Date of Test:05.06.2019
Time of Test:10:16
Name of Person:MOORE RICHARD       
Joint-Side:0
Test-Mode:1
Joint:0
Plane:0
Zero:290
Motion-Start:10
Motion-End:90
Speed (Movement 1):120
Speed (Movement 2):120
Acceleration  (conc):5
Acceleration  (ecc):5
Decelerat.(conc):
Decelerat.(ecc):
Break:60
Start-Holdposition:
End-Holdposition:
Hold-Time:
No. of sets:1
No. of repetitions:2
Start-Trigg.:
Weight:   
Height:   
Date of birth:          
Insured side:                      
Sex:          
Therapist:                      
Gravitycomp.:0
Astacustest:0
Dyna-Tilt-Angle:0
Dyna-Rotation:370
Dyna-Height:60
Dyna-Swivelarm:33303
Seatback-Tilt-Angle:75
Seatback-Move:80
Seat-Tilt:1
Seat-Thigh-Pad:0
Adapter-Pullout-Lenght:80
Adapter-Pullout-Side:0
Footadapter-Rotation:30
Footadapter-Tilt:0
Footadapter-Move:0
Supporthandle-Lenght:20
Supporthandle-Move:520
Supporthandle-Side:0
Shoulder-Lenght:230
Shoulder-Side:10
Double-Pad:0


fdgsfdgsgfsfgsgfsfgssfgsf
UserID:0
MwareID:0


























EXPLANATION OF THE COLUMNS
1.column: time in milliseconds
2.column: relative position in 1/10 degree or millimeter
3.column: torque in 1/10 Nm or force in newton
4.column: speed in 1/10 degree/second or 1/10 millimeter/second
5.column: torque without gravitycalibration in 1/10 Nm
6.column: current repetition(about 1.2 degrees delayed)
7.column: current set
8.column: torque on dynamometer
9.column: force on right leg or deviation of force
10.column: force on left leg or deviation of position
 
MEASUREMENT STARTS AFTER LINE 100





5 158 -20 -0 -20 1 1 -20 0 0 
10 158 -20 -3 -20 1 1 -20 0 0 
15 158 -20 -3 -20 1 1 -20 0 0 
20 158 -20 -5 -20 1 1 -20 0 0 
25 158 -23 -10 -23 1 1 -23 0 0 
30 158 -20 -10 -20 1 1 -20 0 0 
35 158 -23 -13 -23 1 1 -23 0 0 
40 158 -20 -15 -20 1 1 -20 0 0 
45 158 -20 -15 -20 1 1 -20 0 0 
50 158 -20 -15 -20 1 1 -20 0 0 
55 158 -15 -15 -15 1 1 -15 0 0 
60 158 -12 -15 -12 1 1 -12 0 0 
65 158 -12 -15 -12 1 1 -12 0 0 
70 158 -12 -15 -12 1 1 -12 0 0 
75 158 -12 -15 -12 1 1 -12 0 0 
80 158 -12 -15 -12 1 1 -12 0 0 
85 158 -12 -15 -12 1 1 -12 0 0 
90 158 -12 -15 -12 1 1 -12 0 0 
95 157 -12 -15 -12 1 1 -12 0 0 
100 157 -12 -15 -12 1 1 -12 0 0 
105 157 -12 -18 -12 1 1 -12 0 0 
110 157 -12 -18 -12 1 1 -12 0 0 
115 158 -12 -18 -12 1 1 -12 0 0 
120 157 -12 -18 -12 1 1 -12 0 0 
125 157 -15 -18 -15 1 1 -15 0 0 
130 157 -15 -18 -15 1 1 -15 0 0 
135 157 -15 -23 -15 1 1 -15 0 0 
140 157 -15 -23 -15 1 1 -15 0 0 
145 157 -15 -23 -15 1 1 -15 0 0 
150 157 -15 -18 -15 1 1 -15 0 0 
155 157 -15 -18 -15 1 1 -15 0 0 
160 157 -12 -18 -12 1 1 -12 0 0 
165 157 -12 -18 -12 1 1 -12 0 0 
170 157 -12 -18 -12 1 1 -12 0 0 
175 157 -8 -15 -8 1 1 -8 0 0 
180 157 -5 -15 -5 1 1 -5 0 0 
185 155 -5 -15 -5 1 1 -5 0 0 
190 155 -5 -15 -5 1 1 -5 0 0 
195 155 -5 -15 -5 1 1 -5 0 0 
200 157 -5 -15 -5 1 1 -5 0 0 
205 155 -8 -15 -8 1 1 -8 0 0 
210 155 -12 -18 -12 1 1 -12 0 0 
215 157 -12 -18 -12 1 1 -12 0 0 
220 155 -15 -23 -15 1 1 -15 0 0 
225 155 -15 -25 -15 1 1 -15 0 0 
230 155 -15 -25 -15 1 1 -15 0 0 
235 155 -20 -28 -20 1 1 -20 0 0 
240 155 -23 -30 -23 1 1 -23 0 0 
245 155 -23 -35 -23 1 1 -23 0 0 
250 155 -23 -38 -23 1 1 -23 0 0 
255 155 -23 -38 -23 1 1 -23 0 0 
260 153 -23 -40 -23 1 1 -23 0 0 
265 153 -23 -43 -23 1 1 -23 0 0 
270 153 -23 -43 -23 1 1 -23 0 0 
275 153 -23 -48 -23 1 1 -23 0 0 
280 153 -20 -48 -20 1 1 -20 0 0 
285 153 -20 -50 -20 1 1 -20 0 0 
290 153 -15 -50 -15 1 1 -15 0 0 
295 153 -15 -53 -15 1 1 -15 0 0 
300 151 -15 -53 -15 1 1 -15 0 0 
305 151 -15 -53 -15 1 1 -15 0 0 
310 151 -12 -53 -12 1 1 -12 0 0 
315 151 -12 -55 -12 1 1 -12 0 0 
320 151 -12 -53 -12 1 1 -12 0 0 
325 149 -12 -53 -12 1 1 -12 0 0 
330 151 -12 -53 -12 1 1 -12 0 0 
335 149 -12 -53 -12 1 1 -12 0 0 
340 149 -12 -50 -12 1 1 -12 0 0 
345 149 -8 -48 -8 1 1 -8 0 0 
350 149 -5 -43 -5 1 1 -5 0 0 
355 149 -0 -38 -0 1 1 -0 0 0 
360 149 5 -28 5 1 1 5 0 0 
365 148 15 -23 15 1 1 15 0 0 
370 149 20 -13 20 1 1 20 0 0 
375 148 27 -0 27 1 1 27 0 0 
380 149 35 3 35 1 1 35 0 0 
385 149 42 13 42 1 1 42 0 0 
390 149 50 30 50 1 1 50 0 0 
395 149 57 50 57 1 1 57 0 0 
400 149 68 75 68 1 1 68 0 0 
405 149 75 95 75 1 1 75 0 0 
410 151 83 120 83 1 1 83 0 0 
415 151 95 148 95 1 1 95 0 0 
420 151 105 185 105 1 1 105 0 0 
425 153 117 220 117 1 1 117 0 0 
430 153 125 250 125 1 1 125 0 0 
435 155 135 290 135 1 1 135 0 0 
440 157 147 340 147 1 1 147 0 0 
445 158 155 383 155 1 1 155 0 0 
450 160 165 430 165 1 1 165 0 0 
455 162 173 485 173 1 1 173 0 0 
460 164 185 548 185 1 1 185 0 0 
465 168 195 603 195 1 1 195 0 0 
470 171 207 660 207 1 1 207 0 0 
475 173 215 723 215 1 1 215 0 0 
480 178 225 798 225 1 1 225 0 0 
485 182 230 863 230 1 1 230 0 0 
490 186 233 925 233 1 1 233 0 0 
495 189 233 993 233 1 1 233 0 0 
500 197 233 1073 233 1 1 233 0 0 
505 202 230 1140 230 1 1 230 0 0 
510 206 225 1188 225 1 1 225 0 0 
515 213 225 1200 225 1 1 225 0 0 
520 218 218 1200 218 1 1 218 0 0 
525 224 218 1200 218 1 1 218 0 0 
530 229 222 1200 222 1 1 222 0 0 
535 235 230 1195 230 1 1 230 0 0 
540 244 252 1200 252 1 1 252 0 0 
545 249 278 1200 278 1 1 278 0 0 
550 255 315 1200 315 1 1 315 0 0 
555 260 353 1195 353 1 1 353 0 0 
560 267 402 1195 402 1 1 402 0 0 
565 273 447 1200 447 1 1 447 0 0 
570 278 488 1200 488 1 1 488 0 0 
575 285 530 1195 530 1 1 530 0 0 
580 291 567 1200 567 1 1 567 0 0 
585 298 597 1195 597 1 1 597 0 0 
590 304 615 1200 615 1 1 615 0 0 
595 309 630 1195 630 1 1 630 0 0 
600 316 642 1200 642 1 1 642 0 0 
605 322 642 1195 642 1 1 642 0 0 
610 327 635 1195 635 1 1 635 0 0 
615 334 623 1200 623 1 1 623 0 0 
620 340 600 1195 600 1 1 600 0 0 
625 345 582 1200 582 1 1 582 0 0 
630 351 563 1200 563 1 1 563 0 0 
635 356 548 1200 548 1 1 548 0 0 
640 363 525 1195 525 1 1 525 0 0 
645 369 510 1195 510 1 1 510 0 0 
650 374 495 1200 495 1 1 495 0 0 
655 382 488 1200 488 1 1 488 0 0 
660 389 473 1200 473 1 1 473 0 0 
665 392 470 1200 470 1 1 470 0 0 
670 400 465 1195 465 1 1 465 0 0 
675 405 465 1195 465 1 1 465 0 0 
680 412 473 1195 473 1 1 473 0 0 
685 418 480 1200 480 1 1 480 0 0 
690 423 495 1195 495 1 1 495 0 0 
695 429 510 1200 510 1 1 510 0 0 
700 436 533 1200 533 1 1 533 0 0 
705 441 555 1200 555 1 1 555 0 0 
710 447 567 1200 567 1 1 567 0 0 
715 452 585 1200 585 1 1 585 0 0 
720 460 605 1195 605 1 1 605 0 0 
725 465 615 1200 615 1 1 615 0 0 
730 470 627 1195 627 1 1 627 0 0 
735 478 630 1200 630 1 1 630 0 0 
740 485 635 1200 635 1 1 635 0 0 
745 489 635 1200 635 1 1 635 0 0 
750 496 630 1200 630 1 1 630 0 0 
755 501 627 1195 627 1 1 627 0 0 
760 508 620 1195 620 1 1 620 0 0 
765 514 612 1200 612 1 1 612 0 0 
770 519 608 1195 608 1 1 608 0 0 
775 525 600 1200 600 1 1 600 0 0 
780 532 597 1200 597 1 1 597 0 0 
785 538 597 1195 597 1 1 597 0 0 
790 545 597 1200 597 1 1 597 0 0 
795 550 600 1195 600 1 1 600 0 0 
800 557 608 1200 608 1 1 608 0 0 
805 563 615 1200 615 1 1 615 0 0 
810 568 620 1195 620 1 1 620 0 0 
815 574 630 1200 630 1 1 630 0 0 
820 581 638 1200 638 1 1 638 0 0 
825 586 642 1200 642 1 1 642 0 0 
830 592 645 1200 645 1 1 645 0 0 
835 597 645 1195 645 1 1 645 0 0 
840 605 642 1200 642 1 1 642 0 0 
845 610 642 1200 642 1 1 642 0 0 
850 615 635 1200 635 1 1 635 0 0 
855 621 623 1200 623 1 1 623 0 0 
860 629 615 1200 615 1 1 615 0 0 
865 635 605 1200 605 1 1 605 0 0 
870 640 597 1200 597 1 1 597 0 0 
875 647 590 1200 590 1 1 590 0 0 
880 653 582 1200 582 1 1 582 0 0 
885 660 578 1200 578 1 1 578 0 0 
890 664 575 1200 575 1 1 575 0 0 
895 671 575 1200 575 1 1 575 0 0 
900 676 578 1195 578 1 1 578 0 0 
905 684 582 1200 582 1 1 582 0 0 
910 689 585 1200 585 1 1 585 0 0 
915 694 590 1195 590 1 1 590 0 0 
920 700 597 1200 597 1 1 597 0 0 
925 707 600 1200 600 1 1 600 0 0 
930 713 608 1200 608 1 1 608 0 0 
935 718 608 1200 608 1 1 608 0 0 
940 723 612 1200 612 1 1 612 0 0 
945 731 612 1200 612 1 1 612 0 0 
950 736 608 1200 608 1 1 608 0 0 
955 742 608 1200 608 1 1 608 0 0 
960 749 608 1200 608 1 1 608 0 0 
965 754 605 1195 605 1 1 605 0 0 
970 762 605 1200 605 1 1 605 0 0 
975 767 605 1195 605 1 1 605 0 0 
980 772 605 1200 605 1 1 605 0 0 
985 780 605 1195 605 1 1 605 0 0 
990 783 605 1188 605 1 1 605 0 0 
995 791 608 1155 608 1 1 608 0 0 
1000 796 608 1115 608 1 1 608 0 0 
1005 801 612 1078 612 1 1 612 0 0 
1010 807 615 1040 615 1 1 615 0 0 
1015 811 627 1008 627 1 1 627 0 0 
1020 818 642 968 642 1 1 642 0 0 
1025 821 657 928 657 1 1 657 0 0 
1030 827 672 895 672 1 1 672 0 0 
1035 830 690 853 690 1 1 690 0 0 
1040 836 710 815 710 1 1 710 0 0 
1045 840 720 778 720 1 1 720 0 0 
1050 843 728 738 728 1 1 728 0 0 
1055 847 740 705 740 1 1 740 0 0 
1060 850 743 658 743 1 1 743 0 0 
1065 854 743 618 743 1 1 743 0 0 
1070 856 740 580 740 1 1 740 0 0 
1075 860 728 540 728 1 1 728 0 0 
1080 861 720 510 720 1 1 720 0 0 
1085 865 705 458 705 1 1 705 0 0 
1090 869 695 415 695 1 1 695 0 0 
1095 870 683 370 683 1 1 683 0 0 
1100 872 672 345 672 1 1 672 0 0 
1105 874 660 305 660 1 1 660 0 0 
1110 874 657 280 657 1 1 657 0 0 
1115 876 657 260 657 1 1 657 0 0 
1120 878 653 245 653 1 1 653 0 0 
1125 878 653 218 653 1 1 653 0 0 
1130 879 653 200 653 1 1 653 0 0 
1135 879 650 188 650 1 1 650 0 0 
1140 881 642 165 642 1 1 642 0 0 
1145 883 630 153 630 1 1 630 0 0 
1150 883 620 118 620 1 1 620 0 0 
1155 883 608 103 608 1 1 608 0 0 
1160 885 593 100 593 1 1 593 0 0 
1165 885 575 95 575 1 1 575 0 0 
1170 885 563 88 563 1 1 563 0 0 
1175 885 552 83 552 1 1 552 0 0 
1180 885 537 88 537 1 1 537 0 0 
1185 885 518 88 518 1 1 518 0 0 
1190 887 500 80 500 1 1 500 0 0 
1195 887 477 70 477 1 1 477 0 0 
1200 887 458 70 458 1 1 458 0 0 
1205 887 432 68 432 1 1 432 0 0 
1210 887 405 68 405 1 1 405 0 0 
1215 889 387 68 387 1 1 387 0 0 
1220 887 360 63 360 1 1 360 0 0 
1225 889 330 58 330 1 1 330 0 0 
1230 889 300 55 300 1 1 300 0 0 
1235 889 275 55 275 1 1 275 0 0 
1240 889 248 58 248 1 1 248 0 0 
1245 889 225 58 225 1 1 225 0 0 
1250 890 203 58 203 1 1 203 0 0 
1255 889 180 55 180 1 1 180 0 0 
1260 890 162 53 162 1 1 162 0 0 
1265 890 140 40 140 1 1 140 0 0 
1270 890 125 38 125 1 1 125 0 0 
1275 890 105 40 105 1 1 105 0 0 
1280 890 95 38 95 1 1 95 0 0 
1285 890 80 40 80 1 1 80 0 0 
1290 890 68 38 68 1 1 68 0 0 
1295 890 53 38 53 1 1 53 0 0 
1300 890 38 30 38 1 1 38 0 0 
1305 890 20 23 20 1 1 20 0 0 
1310 890 -0 5 -0 1 1 -0 0 0 
1315 890 -15 -0 -15 1 1 -15 0 0 
1320 890 -38 -15 -38 1 1 -38 0 0 
1325 890 -65 -50 -65 1 1 -65 0 0 
1330 890 -87 -90 -87 1 1 -87 0 0 
1335 890 -117 -133 -117 1 1 -117 0 0 
1340 889 -147 -185 -147 1 1 -147 0 0 
1345 887 -188 -253 -188 1 1 -188 0 0 
1350 887 -225 -325 -225 1 1 -225 0 0 
1355 885 -255 -398 -255 1 1 -255 0 0 
1360 883 -290 -475 -290 1 1 -290 0 0 
1365 879 -327 -575 -327 1 1 -327 0 0 
1370 876 -350 -658 -350 1 1 -350 0 0 
1375 874 -372 -745 -372 2 1 -372 0 0 
1380 870 -383 -830 -383 2 1 -383 0 0 
1385 867 -390 -935 -390 2 1 -390 0 0 
1390 861 -390 -1025 -390 2 1 -390 0 0 
1395 856 -383 -1115 -383 2 1 -383 0 0 
1400 850 -375 -1180 -375 2 1 -375 0 0 
1405 843 -360 -1203 -360 2 1 -360 0 0 
1410 838 -350 -1200 -350 2 1 -350 0 0 
1415 832 -338 -1203 -338 2 1 -338 0 0 
1420 825 -335 -1200 -335 2 1 -335 0 0 
1425 818 -342 -1200 -342 2 1 -342 0 0 
1430 812 -365 -1200 -365 2 1 -365 0 0 
1435 807 -398 -1200 -398 2 1 -398 0 0 
1440 801 -443 -1200 -443 2 1 -443 0 0 
1445 794 -503 -1200 -503 2 1 -503 0 0 
1450 789 -552 -1200 -552 2 1 -552 0 0 
1455 783 -600 -1203 -600 2 1 -600 0 0 
1460 776 -653 -1200 -653 2 1 -653 0 0 
1465 771 -702 -1200 -702 2 1 -702 0 0 
1470 765 -743 -1200 -743 2 1 -743 0 0 
1475 758 -780 -1200 -780 2 1 -780 0 0 
1480 753 -815 -1200 -815 2 1 -815 0 0 
1485 745 -845 -1203 -845 2 1 -845 0 0 
1490 740 -860 -1200 -860 2 1 -860 0 0 
1495 734 -870 -1200 -870 2 1 -870 0 0 
1500 729 -875 -1200 -875 2 1 -875 0 0 
1505 722 -867 -1200 -867 2 1 -867 0 0 
1510 716 -860 -1200 -860 2 1 -860 0 0 
1515 711 -848 -1200 -848 2 1 -848 0 0 
1520 704 -833 -1203 -833 2 1 -833 0 0 
1525 696 -815 -1200 -815 2 1 -815 0 0 
1530 691 -800 -1200 -800 2 1 -800 0 0 
1535 685 -788 -1200 -788 2 1 -788 0 0 
1540 680 -780 -1200 -780 2 1 -780 0 0 
1545 673 -773 -1203 -773 2 1 -773 0 0 
1550 669 -773 -1200 -773 2 1 -773 0 0 
1555 662 -773 -1203 -773 2 1 -773 0 0 
1560 656 -773 -1200 -773 2 1 -773 0 0 
1565 649 -777 -1200 -777 2 1 -777 0 0 
1570 644 -780 -1200 -780 2 1 -780 0 0 
1575 638 -785 -1203 -785 2 1 -785 0 0 
1580 631 -788 -1200 -788 2 1 -788 0 0 
1585 626 -800 -1200 -800 2 1 -800 0 0 
1590 617 -807 -1203 -807 2 1 -807 0 0 
1595 612 -818 -1200 -818 2 1 -818 0 0 
1600 606 -830 -1203 -830 2 1 -830 0 0 
1605 599 -845 -1200 -845 2 1 -845 0 0 
1610 594 -855 -1200 -855 2 1 -855 0 0 
1615 588 -863 -1203 -863 2 1 -863 0 0 
1620 583 -875 -1200 -875 2 1 -875 0 0 
1625 576 -882 -1203 -882 2 1 -882 0 0 
1630 570 -885 -1200 -885 2 1 -885 0 0 
1635 565 -890 -1200 -890 2 1 -890 0 0 
1640 559 -890 -1200 -890 2 1 -890 0 0 
1645 552 -890 -1203 -890 2 1 -890 0 0 
1650 547 -885 -1200 -885 2 1 -885 0 0 
1655 541 -882 -1200 -882 2 1 -882 0 0 
1660 534 -878 -1200 -878 2 1 -878 0 0 
1665 527 -867 -1200 -867 2 1 -867 0 0 
1670 521 -863 -1203 -863 2 1 -863 0 0 
1675 516 -855 -1200 -855 2 1 -855 0 0 
1680 510 -852 -1200 -852 2 1 -852 0 0 
1685 503 -845 -1200 -845 2 1 -845 0 0 
1690 498 -840 -1200 -840 2 1 -840 0 0 
1695 492 -837 -1203 -837 2 1 -837 0 0 
1700 487 -833 -1200 -833 2 1 -833 0 0 
1705 479 -830 -1200 -830 2 1 -830 0 0 
1710 472 -822 -1200 -822 2 1 -822 0 0 
1715 467 -818 -1200 -818 2 1 -818 0 0 
1720 461 -810 -1200 -810 2 1 -810 0 0 
1725 454 -800 -1203 -800 2 1 -800 0 0 
1730 450 -785 -1200 -785 2 1 -785 0 0 
1735 443 -770 -1203 -770 2 1 -770 0 0 
1740 438 -758 -1200 -758 2 1 -758 0 0 
1745 431 -740 -1200 -740 2 1 -740 0 0 
1750 425 -725 -1200 -725 2 1 -725 0 0 
1755 420 -710 -1200 -710 2 1 -710 0 0 
1760 414 -698 -1200 -698 2 1 -698 0 0 
1765 407 -683 -1200 -683 2 1 -683 0 0 
1770 401 -668 -1200 -668 2 1 -668 0 0 
1775 396 -657 -1203 -657 2 1 -657 0 0 
1780 391 -645 -1203 -645 2 1 -645 0 0 
1785 383 -630 -1200 -630 2 1 -630 0 0 
1790 378 -620 -1203 -620 2 1 -620 0 0 
1795 372 -608 -1200 -608 2 1 -608 0 0 
1800 367 -600 -1200 -600 2 1 -600 0 0 
1805 360 -585 -1203 -585 2 1 -585 0 0 
1810 354 -570 -1203 -570 2 1 -570 0 0 
1815 349 -555 -1203 -555 2 1 -555 0 0 
1820 343 -540 -1200 -540 2 1 -540 0 0 
1825 336 -522 -1203 -522 2 1 -522 0 0 
1830 331 -507 -1200 -507 2 1 -507 0 0 
1835 325 -488 -1200 -488 2 1 -488 0 0 
1840 318 -473 -1200 -473 2 1 -473 0 0 
1845 313 -458 -1200 -458 2 1 -458 0 0 
1850 307 -443 -1200 -443 2 1 -443 0 0 
1855 300 -428 -1200 -428 2 1 -428 0 0 
1860 294 -413 -1203 -413 2 1 -413 0 0 
1865 287 -395 -1200 -395 2 1 -395 0 0 
1870 282 -383 -1200 -383 2 1 -383 0 0 
1875 276 -368 -1203 -368 2 1 -368 0 0 
1880 271 -353 -1200 -353 2 1 -353 0 0 
1885 264 -338 -1200 -338 2 1 -338 0 0 
1890 258 -323 -1200 -323 2 1 -323 0 0 
1895 253 -308 -1200 -308 2 1 -308 0 0 
1900 247 -297 -1200 -297 2 1 -297 0 0 
1905 240 -285 -1200 -285 2 1 -285 0 0 
1910 235 -275 -1200 -275 2 1 -275 0 0 
1915 229 -263 -1200 -263 2 1 -263 0 0 
1920 224 -252 -1200 -252 2 1 -252 0 0 
1925 216 -240 -1193 -240 2 1 -240 0 0 
1930 211 -233 -1168 -233 2 1 -233 0 0 
1935 206 -222 -1130 -222 2 1 -222 0 0 
1940 200 -210 -1098 -210 2 1 -210 0 0 
1945 195 -200 -1050 -200 2 1 -200 0 0 
1950 189 -192 -1010 -192 2 1 -192 0 0 
1955 184 -188 -980 -188 2 1 -188 0 0 
1960 180 -188 -945 -188 2 1 -188 0 0 
1965 173 -192 -903 -192 2 1 -192 0 0 
1970 171 -195 -865 -195 2 1 -195 0 0 
1975 166 -195 -828 -195 2 1 -195 0 0 
1980 162 -200 -795 -200 2 1 -200 0 0 
1985 158 -203 -745 -203 2 1 -203 0 0 
1990 153 -203 -713 -203 2 1 -203 0 0 
1995 151 -203 -668 -203 2 1 -203 0 0 
2000 146 -203 -638 -203 2 1 -203 0 0 
2005 144 -195 -593 -195 2 1 -195 0 0 
2010 140 -188 -555 -188 2 1 -188 0 0 
2015 139 -180 -520 -180 2 1 -180 0 0 
2020 137 -173 -488 -173 2 1 -173 0 0 
2025 133 -162 -438 -162 2 1 -162 0 0 
2030 131 -150 -383 -150 2 1 -150 0 0 
2035 129 -143 -343 -143 2 1 -143 0 0 
2040 128 -128 -315 -128 2 1 -128 0 0 
2045 126 -117 -290 -117 2 1 -117 0 0 
2050 124 -105 -270 -105 2 1 -105 0 0 
2055 124 -98 -258 -98 2 1 -98 0 0 
2060 122 -87 -238 -87 2 1 -87 0 0 
2065 120 -75 -218 -75 2 1 -75 0 0 
2070 120 -60 -185 -60 2 1 -60 0 0 
2075 119 -42 -168 -42 2 1 -42 0 0 
2080 119 -27 -160 -27 2 1 -27 0 0 
2085 117 -8 -123 -8 2 1 -8 0 0 
2090 117 8 -108 8 2 1 8 0 0 
2095 117 20 -95 20 2 1 20 0 0 
2100 117 35 -83 35 2 1 35 0 0 
2105 115 50 -65 50 2 1 50 0 0 
2110 115 60 -43 60 2 1 60 0 0 
2115 115 72 -23 72 2 1 72 0 0 
2120 115 80 -0 80 2 1 80 0 0 
2125 115 98 5 98 2 1 98 0 0 
2130 115 113 30 113 2 1 113 0 0 
2135 115 128 70 128 2 1 128 0 0 
2140 117 143 110 143 2 1 143 0 0 
2145 117 162 165 162 2 1 162 0 0 
2150 119 177 208 177 2 1 177 0 0 
2155 119 192 258 192 2 1 192 0 0 
2160 119 203 305 203 2 1 203 0 0 
2165 122 210 365 210 2 1 210 0 0 
2170 124 215 423 215 2 1 215 0 0 
2175 126 222 480 222 2 1 222 0 0 
2180 128 222 538 222 2 1 222 0 0 
2185 131 225 613 225 3 1 225 0 0 
2190 133 233 680 233 3 1 233 0 0 
2195 137 237 750 237 3 1 237 0 0 
2200 140 245 825 245 3 1 245 0 0 
2205 146 252 928 252 3 1 252 0 0 
2210 149 263 1013 263 3 1 263 0 0 
2215 155 278 1105 278 3 1 278 0 0 
2220 160 297 1180 297 3 1 297 0 0 
2225 168 320 1200 320 3 1 320 0 0 
2230 173 338 1200 338 3 1 338 0 0 
2235 178 353 1195 353 3 1 353 0 0 
2240 184 372 1200 372 3 1 372 0 0 
2245 191 398 1195 398 3 1 398 0 0 
2250 198 420 1195 420 3 1 420 0 0 
2255 204 458 1200 458 3 1 458 0 0 
2260 209 500 1200 500 3 1 500 0 0 
2265 216 552 1200 552 3 1 552 0 0 
2270 220 593 1195 593 3 1 593 0 0 
2275 227 638 1200 638 3 1 638 0 0 
2280 233 675 1195 675 3 1 675 0 0 
2285 240 717 1200 717 3 1 717 0 0 
2290 246 740 1200 740 3 1 740 0 0 
2295 253 758 1200 758 3 1 758 0 0 
2300 256 770 1200 770 3 1 770 0 0 
2305 264 777 1195 777 3 1 777 0 0 
2310 269 780 1195 780 3 1 780 0 0 
2315 276 777 1195 777 3 1 777 0 0 
2320 282 770 1195 770 3 1 770 0 0 
2325 289 758 1200 758 3 1 758 0 0 
2330 294 750 1200 750 3 1 750 0 0 
2335 300 743 1195 743 3 1 743 0 0 
2340 305 735 1195 735 3 1 735 0 0 
2345 313 732 1200 732 3 1 732 0 0 
2350 318 728 1200 728 3 1 728 0 0 
2355 323 728 1200 728 3 1 728 0 0 
2360 331 725 1200 725 3 1 725 0 0 
2365 336 728 1195 728 3 1 728 0 0 
2370 342 728 1200 728 3 1 728 0 0 
2375 349 732 1195 732 3 1 732 0 0 
2380 354 740 1200 740 3 1 740 0 0 
2385 360 747 1200 747 3 1 747 0 0 
2390 367 758 1200 758 3 1 758 0 0 
2395 372 770 1195 770 3 1 770 0 0 
2400 378 780 1200 780 3 1 780 0 0 
2405 385 792 1200 792 3 1 792 0 0 
2410 391 803 1200 803 3 1 803 0 0 
2415 396 810 1200 810 3 1 810 0 0 
2420 401 822 1200 822 3 1 822 0 0 
2425 409 833 1195 833 3 1 833 0 0 
2430 414 837 1195 837 3 1 837 0 0 
2435 420 845 1200 845 3 1 845 0 0 
2440 425 848 1200 848 3 1 848 0 0 
2445 432 852 1200 852 3 1 852 0 0 
2450 438 855 1200 855 3 1 855 0 0 
2455 443 855 1200 855 3 1 855 0 0 
2460 449 855 1200 855 3 1 855 0 0 
2465 456 852 1200 852 3 1 852 0 0 
2470 461 848 1200 848 3 1 848 0 0 
2475 469 840 1200 840 3 1 840 0 0 
2480 472 837 1200 837 3 1 837 0 0 
2485 479 837 1200 837 3 1 837 0 0 
2490 487 837 1200 837 3 1 837 0 0 
2495 492 837 1200 837 3 1 837 0 0 
2500 498 837 1200 837 3 1 837 0 0 
2505 505 845 1200 845 3 1 845 0 0 
2510 510 852 1195 852 3 1 852 0 0 
2515 516 860 1200 860 3 1 860 0 0 
2520 523 863 1200 863 3 1 863 0 0 
2525 528 875 1200 875 3 1 875 0 0 
2530 534 882 1195 882 3 1 882 0 0 
2535 539 885 1200 885 3 1 885 0 0 
2540 547 893 1195 893 3 1 893 0 0 
2545 554 900 1200 900 3 1 900 0 0 
2550 559 905 1200 905 3 1 905 0 0 
2555 565 905 1200 905 3 1 905 0 0 
2560 570 905 1200 905 3 1 905 0 0 
2565 577 900 1200 900 3 1 900 0 0 
2570 583 893 1195 893 3 1 893 0 0 
2575 588 885 1200 885 3 1 885 0 0 
2580 594 882 1195 882 3 1 882 0 0 
2585 601 870 1195 870 3 1 870 0 0 
2590 606 860 1200 860 3 1 860 0 0 
2595 612 852 1195 852 3 1 852 0 0 
2600 617 840 1200 840 3 1 840 0 0 
2605 626 837 1195 837 3 1 837 0 0 
2610 631 833 1200 833 3 1 833 0 0 
2615 636 830 1200 830 3 1 830 0 0 
2620 642 830 1200 830 3 1 830 0 0 
2625 649 830 1195 830 3 1 830 0 0 
2630 655 830 1200 830 3 1 830 0 0 
2635 660 837 1195 837 3 1 837 0 0 
2640 665 837 1195 837 3 1 837 0 0 
2645 673 845 1200 845 3 1 845 0 0 
2650 680 848 1200 848 3 1 848 0 0 
2655 685 848 1200 848 3 1 848 0 0 
2660 691 848 1195 848 3 1 848 0 0 
2665 696 845 1200 845 3 1 845 0 0 
2670 702 840 1195 840 3 1 840 0 0 
2675 709 837 1200 837 3 1 837 0 0 
2680 714 833 1200 833 3 1 833 0 0 
2685 720 822 1195 822 3 1 822 0 0 
2690 727 818 1195 818 3 1 818 0 0 
2695 733 810 1200 810 3 1 810 0 0 
2700 738 803 1200 803 3 1 803 0 0 
2705 745 800 1195 800 3 1 800 0 0 
2710 749 795 1195 795 3 1 795 0 0 
2715 756 795 1200 795 3 1 795 0 0 
2720 762 795 1200 795 3 1 795 0 0 
2725 769 800 1200 800 3 1 800 0 0 
2730 774 800 1195 800 3 1 800 0 0 
2735 780 803 1200 803 3 1 803 0 0 
2740 787 803 1183 803 3 1 803 0 0 
2745 791 803 1140 803 3 1 803 0 0 
2750 796 803 1103 803 3 1 803 0 0 
2755 801 800 1073 800 3 1 800 0 0 
2760 807 795 1033 795 3 1 795 0 0 
2765 812 795 995 795 3 1 795 0 0 
2770 818 800 958 800 3 1 800 0 0 
2775 821 807 920 807 3 1 807 0 0 
2780 827 818 883 818 3 1 818 0 0 
2785 832 830 848 830 3 1 830 0 0 
2790 836 845 803 845 3 1 845 0 0 
2795 840 855 765 855 3 1 855 0 0 
2800 843 863 735 863 3 1 863 0 0 
2805 847 870 703 870 3 1 870 0 0 
2810 850 875 650 875 3 1 875 0 0 
2815 854 870 618 870 3 1 870 0 0 
2820 858 863 580 863 3 1 863 0 0 
2825 860 852 533 852 3 1 852 0 0 
2830 863 833 500 833 3 1 833 0 0 
2835 867 822 450 822 3 1 822 0 0 
2840 869 807 408 807 3 1 807 0 0 
2845 870 795 368 795 3 1 795 0 0 
2850 872 785 333 785 3 1 785 0 0 
2855 874 780 303 780 3 1 780 0 0 
2860 874 777 280 777 3 1 777 0 0 
2865 876 777 258 777 3 1 777 0 0 
2870 878 777 233 777 3 1 777 0 0 
2875 878 773 218 773 3 1 773 0 0 
2880 879 762 200 762 3 1 762 0 0 
2885 879 747 188 747 3 1 747 0 0 
2890 881 728 160 728 3 1 728 0 0 
2895 881 705 148 705 3 1 705 0 0 
2900 883 675 135 675 3 1 675 0 0 
2905 883 645 118 645 3 1 645 0 0 
2910 883 608 105 608 3 1 608 0 0 
2915 883 575 105 575 3 1 575 0 0 
2920 885 548 100 548 3 1 548 0 0 
2925 885 518 88 518 3 1 518 0 0 
2930 885 485 88 485 3 1 485 0 0 
2935 887 458 88 458 3 1 458 0 0 
2940 887 432 83 432 3 1 432 0 0 
2945 887 410 78 410 3 1 410 0 0 
2950 887 383 68 383 3 1 383 0 0 
2955 887 360 68 360 3 1 360 0 0 
2960 887 338 68 338 3 1 338 0 0 
2965 887 315 68 315 3 1 315 0 0 
2970 887 290 63 290 3 1 290 0 0 
2975 887 267 63 267 3 1 267 0 0 
2980 887 245 58 245 3 1 245 0 0 
2985 889 225 58 225 3 1 225 0 0 
2990 889 200 58 200 3 1 200 0 0 
2995 889 177 58 177 3 1 177 0 0 
3000 889 158 55 158 3 1 158 0 0 
3005 889 135 58 135 3 1 135 0 0 
3010 890 113 55 113 3 1 113 0 0 
3015 889 90 43 90 3 1 90 0 0 
3020 890 72 38 72 3 1 72 0 0 
3025 890 50 25 50 3 1 50 0 0 
3030 890 20 10 20 3 1 20 0 0 
3035 890 -12 -0 -12 3 1 -12 0 0 
3040 890 -38 -10 -38 3 1 -38 0 0 
3045 890 -68 -43 -68 3 1 -68 0 0 
3050 889 -102 -93 -102 3 1 -102 0 0 
3055 889 -135 -145 -135 3 1 -135 0 0 
3060 887 -173 -200 -173 3 1 -173 0 0 
3065 887 -210 -263 -210 3 1 -210 0 0 
3070 885 -252 -350 -252 3 1 -252 0 0 
3075 883 -285 -420 -285 3 1 -285 0 0 
3080 881 -312 -498 -312 3 1 -312 0 0 
3085 879 -338 -575 -338 3 1 -338 0 0 
3090 876 -353 -673 -353 4 1 -353 0 0 
3095 872 -365 -755 -365 4 1 -365 0 0 
3100 869 -368 -838 -368 4 1 -368 0 0 
3105 865 -365 -920 -365 4 1 -365 0 0 
3110 860 -360 -1025 -360 4 1 -360 0 0 
3115 854 -353 -1088 -353 4 1 -353 0 0 
3120 849 -345 -1150 -345 4 1 -345 0 0 
3125 843 -338 -1188 -338 4 1 -338 0 0 
3130 836 -335 -1200 -335 4 1 -335 0 0 
3135 830 -338 -1203 -338 4 1 -338 0 0 
3140 825 -350 -1203 -350 4 1 -350 0 0 
3145 818 -368 -1200 -368 4 1 -368 0 0 
3150 811 -398 -1200 -398 4 1 -398 0 0 
3155 805 -440 -1203 -440 4 1 -440 0 0 
3160 800 -488 -1203 -488 4 1 -488 0 0 
3165 794 -540 -1200 -540 4 1 -540 0 0 
3170 787 -608 -1200 -608 4 1 -608 0 0 
3175 782 -668 -1203 -668 4 1 -668 0 0 
3180 776 -725 -1203 -725 4 1 -725 0 0 
3185 771 -785 -1200 -785 4 1 -785 0 0 
3190 763 -852 -1200 -852 4 1 -852 0 0 
3195 756 -900 -1200 -900 4 1 -900 0 0 
3200 751 -942 -1203 -942 4 1 -942 0 0 
3205 745 -975 -1200 -975 4 1 -975 0 0 
3210 738 -1002 -1203 -1002 4 1 -1002 0 0 
3215 733 -1010 -1200 -1010 4 1 -1010 0 0 
3220 727 -1010 -1200 -1010 4 1 -1010 0 0 
3225 722 -998 -1203 -998 4 1 -998 0 0 
3230 714 -972 -1200 -972 4 1 -972 0 0 
3235 709 -942 -1200 -942 4 1 -942 0 0 
3240 702 -912 -1200 -912 4 1 -912 0 0 
3245 696 -882 -1200 -882 4 1 -882 0 0 
3250 689 -855 -1200 -855 4 1 -855 0 0 
3255 684 -837 -1200 -837 4 1 -837 0 0 
3260 678 -822 -1203 -822 4 1 -822 0 0 
3265 673 -815 -1200 -815 4 1 -815 0 0 
3270 665 -815 -1203 -815 4 1 -815 0 0 
3275 660 -825 -1200 -825 4 1 -825 0 0 
3280 655 -837 -1200 -837 4 1 -837 0 0 
3285 649 -855 -1200 -855 4 1 -855 0 0 
3290 642 -878 -1200 -878 4 1 -878 0 0 
3295 636 -905 -1200 -905 4 1 -905 0 0 
3300 631 -935 -1200 -935 4 1 -935 0 0 
3305 623 -960 -1200 -960 4 1 -960 0 0 
3310 617 -995 -1203 -995 4 1 -995 0 0 
3315 610 -1013 -1200 -1013 4 1 -1013 0 0 
3320 605 -1035 -1200 -1035 4 1 -1035 0 0 
3325 599 -1050 -1200 -1050 4 1 -1050 0 0 
3330 592 -1065 -1200 -1065 4 1 -1065 0 0 
3335 588 -1070 -1200 -1070 4 1 -1070 0 0 
3340 581 -1073 -1200 -1073 4 1 -1073 0 0 
3345 574 -1073 -1200 -1073 4 1 -1073 0 0 
3350 568 -1070 -1200 -1070 4 1 -1070 0 0 
3355 563 -1062 -1203 -1062 4 1 -1062 0 0 
3360 557 -1058 -1203 -1058 4 1 -1058 0 0 
3365 552 -1047 -1200 -1047 4 1 -1047 0 0 
3370 545 -1040 -1200 -1040 4 1 -1040 0 0 
3375 538 -1028 -1200 -1028 4 1 -1028 0 0 
3380 534 -1025 -1203 -1025 4 1 -1025 0 0 
3385 527 -1017 -1200 -1017 4 1 -1017 0 0 
3390 521 -1013 -1200 -1013 4 1 -1013 0 0 
3395 516 -1010 -1200 -1010 4 1 -1010 0 0 
3400 508 -1005 -1200 -1005 4 1 -1005 0 0 
3405 503 -1002 -1200 -1002 4 1 -1002 0 0 
3410 496 -998 -1203 -998 4 1 -998 0 0 
3415 490 -995 -1200 -995 4 1 -995 0 0 
3420 485 -987 -1203 -987 4 1 -987 0 0 
3425 479 -983 -1200 -983 4 1 -983 0 0 
3430 472 -972 -1203 -972 4 1 -972 0 0 
3435 467 -965 -1200 -965 4 1 -965 0 0 
3440 460 -953 -1203 -953 4 1 -953 0 0 
3445 454 -938 -1200 -938 4 1 -938 0 0 
3450 449 -923 -1200 -923 4 1 -923 0 0 
3455 441 -905 -1200 -905 4 1 -905 0 0 
3460 436 -890 -1200 -890 4 1 -890 0 0 
3465 431 -875 -1200 -875 4 1 -875 0 0 
3470 423 -855 -1200 -855 4 1 -855 0 0 
3475 418 -840 -1200 -840 4 1 -840 0 0 
3480 414 -825 -1200 -825 4 1 -825 0 0 
3485 407 -810 -1200 -810 4 1 -810 0 0 
3490 401 -792 -1200 -792 4 1 -792 0 0 
3495 396 -777 -1200 -777 4 1 -777 0 0 
3500 391 -758 -1200 -758 4 1 -758 0 0 
3505 383 -743 -1200 -743 4 1 -743 0 0 
3510 378 -725 -1200 -725 4 1 -725 0 0 
3515 371 -705 -1200 -705 4 1 -705 0 0 
3520 365 -695 -1203 -695 4 1 -695 0 0 
3525 360 -680 -1200 -680 4 1 -680 0 0 
3530 354 -660 -1200 -660 4 1 -660 0 0 
3535 347 -642 -1200 -642 4 1 -642 0 0 
3540 342 -623 -1200 -623 4 1 -623 0 0 
3545 336 -605 -1203 -605 4 1 -605 0 0 
3550 331 -585 -1200 -585 4 1 -585 0 0 
3555 323 -567 -1203 -567 4 1 -567 0 0 
3560 318 -548 -1200 -548 4 1 -548 0 0 
3565 313 -533 -1200 -533 4 1 -533 0 0 
3570 305 -515 -1200 -515 4 1 -515 0 0 
3575 300 -500 -1203 -500 4 1 -500 0 0 
3580 294 -485 -1200 -485 4 1 -485 0 0 
3585 289 -470 -1200 -470 4 1 -470 0 0 
3590 282 -447 -1203 -447 4 1 -447 0 0 
3595 276 -432 -1203 -432 4 1 -432 0 0 
3600 271 -420 -1203 -420 4 1 -420 0 0 
3605 264 -405 -1200 -405 4 1 -405 0 0 
3610 258 -390 -1200 -390 4 1 -390 0 0 
3615 253 -380 -1200 -380 4 1 -380 0 0 
3620 247 -365 -1200 -365 4 1 -365 0 0 
3625 240 -353 -1203 -353 4 1 -353 0 0 
3630 235 -335 -1203 -335 4 1 -335 0 0 
3635 229 -320 -1200 -320 4 1 -320 0 0 
3640 224 -305 -1200 -305 4 1 -305 0 0 
3645 218 -290 -1195 -290 4 1 -290 0 0 
3650 211 -270 -1163 -270 4 1 -270 0 0 
3655 206 -255 -1128 -255 4 1 -255 0 0 
3660 200 -240 -1090 -240 4 1 -240 0 0 
3665 195 -225 -1053 -225 4 1 -225 0 0 
3670 189 -210 -1013 -210 4 1 -210 0 0 
3675 184 -203 -980 -203 4 1 -203 0 0 
3680 180 -195 -945 -195 4 1 -195 0 0 
3685 175 -195 -913 -195 4 1 -195 0 0 
3690 171 -192 -868 -192 4 1 -192 0 0 
3695 166 -195 -835 -195 4 1 -195 0 0 
3700 162 -195 -790 -195 4 1 -195 0 0 
3705 158 -195 -748 -195 4 1 -195 0 0 
3710 153 -195 -713 -195 4 1 -195 0 0 
3715 151 -192 -668 -192 4 1 -192 0 0 
3720 148 -192 -638 -192 4 1 -192 0 0 
3725 144 -188 -603 -188 4 1 -188 0 0 
3730 142 -180 -550 -180 4 1 -180 0 0 
3735 139 -173 -525 -173 4 1 -173 0 0 
3740 137 -165 -488 -165 4 1 -165 0 0 
3745 135 -155 -450 -155 4 1 -155 0 0 
3750 131 -143 -398 -143 4 1 -143 0 0 
3755 129 -132 -358 -132 4 1 -132 0 0 
3760 128 -117 -315 -117 4 1 -117 0 0 
