19060510.123
File-type:2
Date of Test:05.06.2019
Time of Test:10:12
Name of Person:MOORE RICHARD       
Joint-Side:1
Test-Mode:1
Joint:0
Plane:0
Zero:70
Motion-Start:10
Motion-End:90
Speed (Movement 1):120
Speed (Movement 2):120
Acceleration  (conc):5
Acceleration  (ecc):5
Decelerat.(conc):
Decelerat.(ecc):
Break:60
Start-Holdposition:
End-Holdposition:
Hold-Time:
No. of sets:1
No. of repetitions:2
Start-Trigg.:
Weight:   
Height:   
Date of birth:          
Insured side:                      
Sex:          
Therapist:                      
Gravitycomp.:0
Astacustest:0
Dyna-Tilt-Angle:0
Dyna-Rotation:33138
Dyna-Height:60
Dyna-Swivelarm:535
Seatback-Tilt-Angle:75
Seatback-Move:80
Seat-Tilt:1
Seat-Thigh-Pad:0
Adapter-Pullout-Lenght:80
Adapter-Pullout-Side:0
Footadapter-Rotation:30
Footadapter-Tilt:0
Footadapter-Move:0
Supporthandle-Lenght:20
Supporthandle-Move:520
Supporthandle-Side:0
Shoulder-Lenght:230
Shoulder-Side:10
Double-Pad:0


fdgsfdgsgfsfgsgfsfgssfgsf
UserID:0
MwareID:0


























EXPLANATION OF THE COLUMNS
1.column: time in milliseconds
2.column: relative position in 1/10 degree or millimeter
3.column: torque in 1/10 Nm or force in newton
4.column: speed in 1/10 degree/second or 1/10 millimeter/second
5.column: torque without gravitycalibration in 1/10 Nm
6.column: current repetition(about 1.2 degrees delayed)
7.column: current set
8.column: torque on dynamometer
9.column: force on right leg or deviation of force
10.column: force on left leg or deviation of position
 
MEASUREMENT STARTS AFTER LINE 100





5 168 -8 -75 -8 1 1 -8 0 0 
10 168 -8 -75 -8 1 1 -8 0 0 
15 166 -12 -75 -12 1 1 -12 0 0 
20 166 -12 -78 -12 1 1 -12 0 0 
25 166 -12 -78 -12 1 1 -12 0 0 
30 166 -12 -78 -12 1 1 -12 0 0 
35 164 -12 -80 -12 1 1 -12 0 0 
40 164 -12 -83 -12 1 1 -12 0 0 
45 164 -12 -83 -12 1 1 -12 0 0 
50 164 -12 -83 -12 1 1 -12 0 0 
55 164 -8 -83 -8 1 1 -8 0 0 
60 164 -8 -88 -8 1 1 -8 0 0 
65 162 -8 -88 -8 1 1 -8 0 0 
70 162 -8 -88 -8 1 1 -8 0 0 
75 162 -12 -88 -12 1 1 -12 0 0 
80 161 -8 -88 -8 1 1 -8 0 0 
85 161 -12 -88 -12 1 1 -12 0 0 
90 161 -8 -88 -8 1 1 -8 0 0 
95 161 -8 -88 -8 1 1 -8 0 0 
100 159 -5 -88 -5 1 1 -5 0 0 
105 159 -5 -88 -5 1 1 -5 0 0 
110 159 -5 -88 -5 1 1 -5 0 0 
115 157 0 -88 0 1 1 0 0 0 
120 159 0 -88 0 1 1 0 0 0 
125 157 5 -88 5 1 1 5 0 0 
130 157 5 -83 5 1 1 5 0 0 
135 157 5 -80 5 1 1 5 0 0 
140 157 8 -78 8 1 1 8 0 0 
145 155 12 -78 12 1 1 12 0 0 
150 155 12 -75 12 1 1 12 0 0 
155 155 15 -70 15 1 1 15 0 0 
160 153 15 -65 15 1 1 15 0 0 
165 153 20 -63 20 1 1 20 0 0 
170 153 20 -58 20 1 1 20 0 0 
175 153 23 -53 23 1 1 23 0 0 
180 153 23 -50 23 1 1 23 0 0 
185 153 23 -43 23 1 1 23 0 0 
190 153 23 -40 23 1 1 23 0 0 
195 153 23 -35 23 1 1 23 0 0 
200 152 23 -30 23 1 1 23 0 0 
205 153 23 -25 23 1 1 23 0 0 
210 152 23 -18 23 1 1 23 0 0 
215 152 23 -15 23 1 1 23 0 0 
220 152 20 -13 20 1 1 20 0 0 
225 152 20 -10 20 1 1 20 0 0 
230 152 20 -3 20 1 1 20 0 0 
235 152 15 0 15 1 1 15 0 0 
240 152 15 0 15 1 1 15 0 0 
245 152 15 3 15 1 1 15 0 0 
250 152 20 5 20 1 1 20 0 0 
255 152 20 13 20 1 1 20 0 0 
260 152 20 23 20 1 1 20 0 0 
265 152 23 28 23 1 1 23 0 0 
270 152 27 38 27 1 1 27 0 0 
275 152 30 43 30 1 1 30 0 0 
280 152 35 53 35 1 1 35 0 0 
285 153 38 63 38 1 1 38 0 0 
290 153 38 75 38 1 1 38 0 0 
295 153 38 88 38 1 1 38 0 0 
300 153 42 95 42 1 1 42 0 0 
305 153 45 108 45 1 1 45 0 0 
310 155 50 128 50 1 1 50 0 0 
315 155 53 143 53 1 1 53 0 0 
320 157 57 160 57 1 1 57 0 0 
325 157 65 175 65 1 1 65 0 0 
330 157 72 205 72 1 1 72 0 0 
335 159 80 225 80 1 1 80 0 0 
340 161 80 253 80 1 1 80 0 0 
345 161 87 278 87 1 1 87 0 0 
350 162 98 313 98 1 1 98 0 0 
355 164 105 345 105 1 1 105 0 0 
360 166 113 378 113 1 1 113 0 0 
365 168 120 415 120 1 1 120 0 0 
370 170 132 460 132 1 1 132 0 0 
375 172 135 508 135 1 1 135 0 0 
380 175 147 553 147 1 1 147 0 0 
385 177 158 605 158 1 1 158 0 0 
390 181 177 670 177 1 1 177 0 0 
395 184 188 725 188 1 1 188 0 0 
400 188 203 788 203 1 1 203 0 0 
405 191 215 850 215 1 1 215 0 0 
410 197 225 928 225 1 1 225 0 0 
415 201 233 993 233 1 1 233 0 0 
420 206 237 1053 237 1 1 237 0 0 
425 211 240 1128 240 1 1 240 0 0 
430 217 240 1190 240 1 1 240 0 0 
435 222 237 1203 237 1 1 237 0 0 
440 228 237 1200 237 1 1 237 0 0 
445 235 233 1200 233 1 1 233 0 0 
450 240 237 1200 237 1 1 237 0 0 
455 246 248 1203 248 1 1 248 0 0 
460 253 270 1200 270 1 1 270 0 0 
465 259 297 1200 297 1 1 297 0 0 
470 266 342 1203 342 1 1 342 0 0 
475 271 380 1200 380 1 1 380 0 0 
480 277 413 1203 413 1 1 413 0 0 
485 282 447 1200 447 1 1 447 0 0 
490 289 477 1200 477 1 1 477 0 0 
495 295 500 1200 500 1 1 500 0 0 
500 302 515 1200 515 1 1 515 0 0 
505 308 525 1203 525 1 1 525 0 0 
510 313 530 1200 530 1 1 530 0 0 
515 320 533 1200 533 1 1 533 0 0 
520 326 537 1200 537 1 1 537 0 0 
525 331 540 1200 540 1 1 540 0 0 
530 338 545 1200 545 1 1 545 0 0 
535 344 548 1200 548 1 1 548 0 0 
540 349 552 1200 552 1 1 552 0 0 
545 355 555 1200 555 1 1 555 0 0 
550 362 560 1203 560 1 1 560 0 0 
555 367 560 1200 560 1 1 560 0 0 
560 373 555 1203 555 1 1 555 0 0 
565 378 552 1200 552 1 1 552 0 0 
570 386 548 1203 548 1 1 548 0 0 
575 391 545 1200 545 1 1 545 0 0 
580 396 537 1200 537 1 1 537 0 0 
585 402 530 1200 530 1 1 530 0 0 
590 409 522 1200 522 1 1 522 0 0 
595 415 518 1200 518 1 1 518 0 0 
600 422 510 1200 510 1 1 510 0 0 
605 427 507 1200 507 1 1 507 0 0 
610 435 503 1200 503 1 1 503 0 0 
615 438 495 1203 495 1 1 495 0 0 
620 444 492 1200 492 1 1 492 0 0 
625 451 488 1200 488 1 1 488 0 0 
630 458 485 1200 485 1 1 485 0 0 
635 464 480 1200 480 1 1 480 0 0 
640 469 480 1200 480 1 1 480 0 0 
645 474 480 1200 480 1 1 480 0 0 
650 482 480 1203 480 1 1 480 0 0 
655 487 485 1203 485 1 1 485 0 0 
660 494 488 1200 488 1 1 488 0 0 
665 498 495 1203 495 1 1 495 0 0 
670 505 503 1200 503 1 1 503 0 0 
675 511 510 1203 510 1 1 510 0 0 
680 518 518 1200 518 1 1 518 0 0 
685 523 530 1200 530 1 1 530 0 0 
690 531 537 1200 537 1 1 537 0 0 
695 536 545 1200 545 1 1 545 0 0 
700 542 548 1203 548 1 1 548 0 0 
705 547 555 1203 555 1 1 555 0 0 
710 554 563 1203 563 1 1 563 0 0 
715 560 567 1200 567 1 1 567 0 0 
720 565 570 1203 570 1 1 570 0 0 
725 571 578 1200 578 1 1 578 0 0 
730 576 582 1200 582 1 1 582 0 0 
735 583 582 1200 582 1 1 582 0 0 
740 589 582 1200 582 1 1 582 0 0 
745 594 582 1200 582 1 1 582 0 0 
750 600 582 1200 582 1 1 582 0 0 
755 607 582 1200 582 1 1 582 0 0 
760 612 582 1200 582 1 1 582 0 0 
765 619 582 1200 582 1 1 582 0 0 
770 625 585 1200 585 1 1 585 0 0 
775 632 582 1203 582 1 1 582 0 0 
780 638 585 1200 585 1 1 585 0 0 
785 643 590 1200 590 1 1 590 0 0 
790 649 593 1200 593 1 1 593 0 0 
795 656 593 1200 593 1 1 593 0 0 
800 661 597 1200 597 1 1 597 0 0 
805 668 600 1200 600 1 1 600 0 0 
810 672 600 1203 600 1 1 600 0 0 
815 679 605 1200 605 1 1 605 0 0 
820 685 605 1200 605 1 1 605 0 0 
825 692 608 1203 608 1 1 608 0 0 
830 697 608 1200 608 1 1 608 0 0 
835 703 612 1200 612 1 1 612 0 0 
840 710 615 1200 615 1 1 615 0 0 
845 714 620 1200 620 1 1 620 0 0 
850 719 623 1200 623 1 1 623 0 0 
855 726 627 1200 627 1 1 627 0 0 
860 732 635 1200 635 1 1 635 0 0 
865 737 638 1200 638 1 1 638 0 0 
870 745 642 1200 642 1 1 642 0 0 
875 752 650 1200 650 1 1 650 0 0 
880 757 653 1200 653 1 1 653 0 0 
885 763 653 1200 653 1 1 653 0 0 
890 768 653 1200 653 1 1 653 0 0 
895 775 657 1203 657 1 1 657 0 0 
900 781 653 1200 653 1 1 653 0 0 
905 786 653 1178 653 1 1 653 0 0 
910 792 650 1140 650 1 1 650 0 0 
915 799 642 1100 642 1 1 642 0 0 
920 805 630 1058 630 1 1 630 0 0 
925 811 623 1018 623 1 1 623 0 0 
930 816 620 983 620 1 1 620 0 0 
935 820 620 943 620 1 1 620 0 0 
940 825 627 905 627 1 1 627 0 0 
945 829 635 868 635 1 1 635 0 0 
950 834 642 828 642 1 1 642 0 0 
955 838 645 795 645 1 1 645 0 0 
960 842 645 750 645 1 1 645 0 0 
965 845 642 713 642 1 1 642 0 0 
970 849 630 678 630 1 1 630 0 0 
975 853 620 633 620 1 1 620 0 0 
980 856 608 605 608 1 1 608 0 0 
985 858 597 573 597 1 1 597 0 0 
990 860 585 528 585 1 1 585 0 0 
995 864 570 475 570 1 1 570 0 0 
1000 865 555 455 555 1 1 555 0 0 
1005 869 545 418 545 1 1 545 0 0 
1010 871 530 375 530 1 1 530 0 0 
1015 873 510 330 510 1 1 510 0 0 
1020 873 500 293 500 1 1 500 0 0 
1025 874 488 280 488 1 1 488 0 0 
1030 876 477 260 477 1 1 477 0 0 
1035 878 465 235 465 1 1 465 0 0 
1040 878 458 220 458 1 1 458 0 0 
1045 880 443 200 443 1 1 443 0 0 
1050 880 428 183 428 1 1 428 0 0 
1055 882 405 153 405 1 1 405 0 0 
1060 882 387 133 387 1 1 387 0 0 
1065 882 365 120 365 1 1 365 0 0 
1070 883 345 120 345 1 1 345 0 0 
1075 883 323 105 323 1 1 323 0 0 
1080 883 308 105 308 1 1 308 0 0 
1085 885 293 108 293 1 1 293 0 0 
1090 885 278 100 278 1 1 278 0 0 
1095 885 260 88 260 1 1 260 0 0 
1100 885 245 90 245 1 1 245 0 0 
1105 885 233 83 233 1 1 233 0 0 
1110 885 215 83 215 1 1 215 0 0 
1115 887 195 70 195 1 1 195 0 0 
1120 887 185 70 185 1 1 185 0 0 
1125 887 170 70 170 1 1 170 0 0 
1130 887 158 70 158 1 1 158 0 0 
1135 889 143 70 143 1 1 143 0 0 
1140 889 132 68 132 1 1 132 0 0 
1145 889 125 58 125 1 1 125 0 0 
1150 889 113 58 113 1 1 113 0 0 
1155 889 98 58 98 1 1 98 0 0 
1160 889 83 58 83 1 1 83 0 0 
1165 889 72 55 72 1 1 72 0 0 
1170 889 57 48 57 1 1 57 0 0 
1175 891 30 30 30 1 1 30 0 0 
1180 889 12 15 12 1 1 12 0 0 
1185 891 -15 0 -15 1 1 -15 0 0 
1190 891 -42 -3 -42 1 1 -42 0 0 
1195 891 -68 -35 -68 1 1 -68 0 0 
1200 889 -95 -78 -95 1 1 -95 0 0 
1205 889 -125 -123 -125 1 1 -125 0 0 
1210 889 -158 -175 -158 1 1 -158 0 0 
1215 887 -200 -253 -200 1 1 -200 0 0 
1220 887 -237 -328 -237 1 1 -237 0 0 
1225 885 -267 -403 -267 1 1 -267 0 0 
1230 882 -300 -483 -300 1 1 -300 0 0 
1235 880 -335 -580 -335 1 1 -335 0 0 
1240 878 -360 -670 -360 2 1 -360 0 0 
1245 873 -380 -763 -380 2 1 -380 0 0 
1250 869 -390 -853 -390 2 1 -390 0 0 
1255 865 -395 -970 -395 2 1 -395 0 0 
1260 860 -398 -1070 -398 2 1 -398 0 0 
1265 854 -398 -1163 -398 2 1 -398 0 0 
1270 849 -398 -1195 -398 2 1 -398 0 0 
1275 842 -398 -1200 -398 2 1 -398 0 0 
1280 836 -398 -1200 -398 2 1 -398 0 0 
1285 831 -402 -1200 -402 2 1 -402 0 0 
1290 825 -413 -1195 -413 2 1 -413 0 0 
1295 816 -443 -1200 -443 2 1 -443 0 0 
1300 813 -480 -1195 -480 2 1 -480 0 0 
1305 805 -522 -1200 -522 2 1 -522 0 0 
1310 799 -570 -1200 -570 2 1 -570 0 0 
1315 792 -630 -1200 -630 2 1 -630 0 0 
1320 786 -683 -1200 -683 2 1 -683 0 0 
1325 781 -725 -1200 -725 2 1 -725 0 0 
1330 775 -762 -1200 -762 2 1 -762 0 0 
1335 768 -800 -1200 -800 2 1 -800 0 0 
1340 763 -822 -1195 -822 2 1 -822 0 0 
1345 756 -833 -1200 -833 2 1 -833 0 0 
1350 750 -840 -1200 -840 2 1 -840 0 0 
1355 743 -848 -1200 -848 2 1 -848 0 0 
1360 737 -852 -1200 -852 2 1 -852 0 0 
1365 732 -855 -1195 -855 2 1 -855 0 0 
1370 726 -863 -1200 -863 2 1 -863 0 0 
1375 719 -870 -1200 -870 2 1 -870 0 0 
1380 714 -882 -1200 -882 2 1 -882 0 0 
1385 708 -885 -1200 -885 2 1 -885 0 0 
1390 701 -893 -1200 -893 2 1 -893 0 0 
1395 696 -900 -1200 -900 2 1 -900 0 0 
1400 690 -900 -1200 -900 2 1 -900 0 0 
1405 685 -900 -1195 -900 2 1 -900 0 0 
1410 679 -890 -1200 -890 2 1 -890 0 0 
1415 672 -878 -1200 -878 2 1 -878 0 0 
1420 667 -863 -1200 -863 2 1 -863 0 0 
1425 659 -848 -1200 -848 2 1 -848 0 0 
1430 654 -830 -1195 -830 2 1 -830 0 0 
1435 647 -810 -1200 -810 2 1 -810 0 0 
1440 641 -795 -1195 -795 2 1 -795 0 0 
1445 636 -785 -1200 -785 2 1 -785 0 0 
1450 630 -773 -1200 -773 2 1 -773 0 0 
1455 623 -762 -1200 -762 2 1 -762 0 0 
1460 618 -750 -1195 -750 2 1 -750 0 0 
1465 612 -740 -1200 -740 2 1 -740 0 0 
1470 607 -728 -1200 -728 2 1 -728 0 0 
1475 600 -720 -1195 -720 2 1 -720 0 0 
1480 594 -710 -1200 -710 2 1 -710 0 0 
1485 587 -698 -1200 -698 2 1 -698 0 0 
1490 581 -687 -1200 -687 2 1 -687 0 0 
1495 574 -672 -1200 -672 2 1 -672 0 0 
1500 569 -660 -1200 -660 2 1 -660 0 0 
1505 563 -653 -1200 -653 2 1 -653 0 0 
1510 558 -642 -1195 -642 2 1 -642 0 0 
1515 551 -630 -1195 -630 2 1 -630 0 0 
1520 545 -623 -1200 -623 2 1 -623 0 0 
1525 540 -612 -1200 -612 2 1 -612 0 0 
1530 534 -605 -1200 -605 2 1 -605 0 0 
1535 527 -590 -1200 -590 2 1 -590 0 0 
1540 522 -575 -1195 -575 2 1 -575 0 0 
1545 516 -563 -1200 -563 2 1 -563 0 0 
1550 511 -548 -1195 -548 2 1 -548 0 0 
1555 503 -525 -1200 -525 2 1 -525 0 0 
1560 498 -507 -1195 -507 2 1 -507 0 0 
1565 493 -488 -1195 -488 2 1 -488 0 0 
1570 487 -473 -1200 -473 2 1 -473 0 0 
1575 480 -455 -1195 -455 2 1 -455 0 0 
1580 474 -440 -1200 -440 2 1 -440 0 0 
1585 467 -425 -1195 -425 2 1 -425 0 0 
1590 462 -413 -1200 -413 2 1 -413 0 0 
1595 456 -402 -1200 -402 2 1 -402 0 0 
1600 449 -390 -1195 -390 2 1 -390 0 0 
1605 444 -380 -1200 -380 2 1 -380 0 0 
1610 438 -365 -1200 -365 2 1 -365 0 0 
1615 431 -350 -1200 -350 2 1 -350 0 0 
1620 425 -342 -1195 -342 2 1 -342 0 0 
1625 420 -330 -1200 -330 2 1 -330 0 0 
1630 415 -323 -1200 -323 2 1 -323 0 0 
1635 407 -312 -1200 -312 2 1 -312 0 0 
1640 402 -300 -1195 -300 2 1 -300 0 0 
1645 396 -293 -1200 -293 2 1 -293 0 0 
1650 391 -285 -1200 -285 2 1 -285 0 0 
1655 384 -275 -1195 -275 2 1 -275 0 0 
1660 378 -267 -1200 -267 2 1 -267 0 0 
1665 373 -255 -1200 -255 2 1 -255 0 0 
1670 367 -248 -1200 -248 2 1 -248 0 0 
1675 360 -240 -1195 -240 2 1 -240 0 0 
1680 355 -233 -1200 -233 2 1 -233 0 0 
1685 349 -225 -1195 -225 2 1 -225 0 0 
1690 344 -218 -1200 -218 2 1 -218 0 0 
1695 337 -207 -1195 -207 2 1 -207 0 0 
1700 331 -200 -1200 -200 2 1 -200 0 0 
1705 326 -192 -1200 -192 2 1 -192 0 0 
1710 318 -185 -1200 -185 2 1 -185 0 0 
1715 313 -173 -1200 -173 2 1 -173 0 0 
1720 308 -162 -1200 -162 2 1 -162 0 0 
1725 302 -155 -1200 -155 2 1 -155 0 0 
1730 295 -143 -1200 -143 2 1 -143 0 0 
1735 289 -132 -1200 -132 2 1 -132 0 0 
1740 282 -120 -1200 -120 2 1 -120 0 0 
1745 277 -110 -1195 -110 2 1 -110 0 0 
1750 271 -98 -1195 -98 2 1 -98 0 0 
1755 264 -83 -1200 -83 2 1 -83 0 0 
1760 259 -72 -1195 -72 2 1 -72 0 0 
1765 253 -53 -1195 -53 2 1 -53 0 0 
1770 248 -38 -1193 -38 2 1 -38 0 0 
1775 240 -20 -1188 -20 2 1 -20 0 0 
1780 235 -5 -1180 -5 2 1 -5 0 0 
1785 230 8 -1170 8 2 1 8 0 0 
1790 224 23 -1158 23 2 1 23 0 0 
1795 217 38 -1148 38 2 1 38 0 0 
1800 211 50 -1128 50 2 1 50 0 0 
1805 206 60 -1090 60 2 1 60 0 0 
1810 202 72 -1060 72 2 1 72 0 0 
1815 195 80 -1020 80 2 1 80 0 0 
1820 190 80 -985 80 2 1 80 0 0 
1825 186 80 -953 80 2 1 80 0 0 
1830 181 75 -915 75 2 1 75 0 0 
1835 177 68 -878 68 2 1 68 0 0 
1840 172 60 -843 60 2 1 60 0 0 
1845 168 50 -813 50 2 1 50 0 0 
1850 164 45 -783 45 2 1 45 0 0 
1855 161 38 -738 38 2 1 38 0 0 
1860 155 35 -710 35 2 1 35 0 0 
1865 153 35 -670 35 2 1 35 0 0 
1870 150 30 -640 30 2 1 30 0 0 
1875 146 35 -588 35 2 1 35 0 0 
1880 143 38 -563 38 2 1 38 0 0 
1885 141 42 -533 42 2 1 42 0 0 
1890 139 53 -495 53 2 1 53 0 0 
1895 135 68 -450 68 2 1 68 0 0 
1900 133 80 -410 80 2 1 80 0 0 
1905 132 87 -383 87 2 1 87 0 0 
1910 130 98 -353 98 2 1 98 0 0 
1915 128 117 -300 117 2 1 117 0 0 
1920 126 128 -270 128 2 1 128 0 0 
1925 124 140 -245 140 2 1 140 0 0 
1930 124 155 -213 155 2 1 155 0 0 
1935 123 173 -170 173 2 1 173 0 0 
1940 123 185 -130 185 2 1 185 0 0 
1945 123 195 -90 195 2 1 195 0 0 
1950 121 210 -48 210 2 1 210 0 0 
1955 121 225 0 225 2 1 225 0 0 
1960 121 233 13 233 2 1 233 0 0 
1965 123 245 58 245 2 1 245 0 0 
1970 123 248 115 248 2 1 248 0 0 
1975 123 260 188 260 2 1 260 0 0 
1980 124 275 248 275 2 1 275 0 0 
1985 124 282 315 282 2 1 282 0 0 
1990 126 290 378 290 2 1 290 0 0 
1995 126 293 450 293 2 1 293 0 0 
2000 130 290 515 290 2 1 290 0 0 
2005 132 282 578 282 2 1 282 0 0 
2010 135 270 640 270 2 1 270 0 0 
2015 139 255 713 255 3 1 255 0 0 
2020 143 240 775 240 3 1 240 0 0 
2025 146 233 838 233 3 1 233 0 0 
2030 150 218 905 218 3 1 218 0 0 
2035 155 210 985 210 3 1 210 0 0 
2040 161 203 1050 203 3 1 203 0 0 
2045 164 203 1115 203 3 1 203 0 0 
2050 170 203 1165 203 3 1 203 0 0 
2055 177 203 1195 203 3 1 203 0 0 
2060 182 207 1200 207 3 1 207 0 0 
2065 190 215 1203 215 3 1 215 0 0 
2070 195 230 1200 230 3 1 230 0 0 
2075 202 252 1200 252 3 1 252 0 0 
2080 206 282 1200 282 3 1 282 0 0 
2085 213 315 1200 315 3 1 315 0 0 
2090 219 357 1203 357 3 1 357 0 0 
2095 226 405 1203 405 3 1 405 0 0 
2100 231 443 1200 443 3 1 443 0 0 
2105 237 480 1200 480 3 1 480 0 0 
2110 242 522 1200 522 3 1 522 0 0 
2115 250 560 1200 560 3 1 560 0 0 
2120 255 593 1203 593 3 1 593 0 0 
2125 260 623 1200 623 3 1 623 0 0 
2130 268 650 1200 650 3 1 650 0 0 
2135 273 672 1203 672 3 1 672 0 0 
2140 280 687 1200 687 3 1 687 0 0 
2145 286 690 1203 690 3 1 690 0 0 
2150 291 695 1200 695 3 1 695 0 0 
2155 298 687 1200 687 3 1 687 0 0 
2160 304 672 1200 672 3 1 672 0 0 
2165 309 653 1200 653 3 1 653 0 0 
2170 317 638 1203 638 3 1 638 0 0 
2175 322 612 1200 612 3 1 612 0 0 
2180 327 593 1200 593 3 1 593 0 0 
2185 333 575 1200 575 3 1 575 0 0 
2190 340 560 1203 560 3 1 560 0 0 
2195 346 545 1200 545 3 1 545 0 0 
2200 351 533 1200 533 3 1 533 0 0 
2205 358 522 1200 522 3 1 522 0 0 
2210 364 518 1200 518 3 1 518 0 0 
2215 369 515 1200 515 3 1 515 0 0 
2220 376 522 1200 522 3 1 522 0 0 
2225 382 533 1200 533 3 1 533 0 0 
2230 387 545 1203 545 3 1 545 0 0 
2235 395 567 1200 567 3 1 567 0 0 
2240 400 590 1200 590 3 1 590 0 0 
2245 405 612 1200 612 3 1 612 0 0 
2250 411 638 1200 638 3 1 638 0 0 
2255 418 665 1203 665 3 1 665 0 0 
2260 424 687 1203 687 3 1 687 0 0 
2265 431 702 1203 702 3 1 702 0 0 
2270 436 713 1200 713 3 1 713 0 0 
2275 442 728 1203 728 3 1 728 0 0 
2280 449 735 1200 735 3 1 735 0 0 
2285 454 740 1203 740 3 1 740 0 0 
2290 460 740 1203 740 3 1 740 0 0 
2295 467 735 1200 735 3 1 735 0 0 
2300 473 728 1200 728 3 1 728 0 0 
2305 478 717 1200 717 3 1 717 0 0 
2310 483 705 1200 705 3 1 705 0 0 
2315 491 695 1200 695 3 1 695 0 0 
2320 496 683 1203 683 3 1 683 0 0 
2325 502 675 1200 675 3 1 675 0 0 
2330 507 668 1203 668 3 1 668 0 0 
2335 514 665 1200 665 3 1 665 0 0 
2340 520 665 1200 665 3 1 665 0 0 
2345 527 668 1200 668 3 1 668 0 0 
2350 532 672 1200 672 3 1 672 0 0 
2355 536 680 1200 680 3 1 680 0 0 
2360 543 695 1203 695 3 1 695 0 0 
2365 551 702 1200 702 3 1 702 0 0 
2370 556 717 1200 717 3 1 717 0 0 
2375 561 732 1203 732 3 1 732 0 0 
2380 571 747 1200 747 3 1 747 0 0 
2385 574 758 1200 758 3 1 758 0 0 
2390 580 770 1200 770 3 1 770 0 0 
2395 585 780 1200 780 3 1 780 0 0 
2400 592 788 1200 788 3 1 788 0 0 
2405 600 795 1200 795 3 1 795 0 0 
2410 605 800 1203 800 3 1 800 0 0 
2415 610 803 1200 803 3 1 803 0 0 
2420 618 803 1200 803 3 1 803 0 0 
2425 623 803 1203 803 3 1 803 0 0 
2430 629 800 1200 800 3 1 800 0 0 
2435 634 792 1200 792 3 1 792 0 0 
2440 641 785 1203 785 3 1 785 0 0 
2445 649 777 1203 777 3 1 777 0 0 
2450 652 770 1203 770 3 1 770 0 0 
2455 658 762 1200 762 3 1 762 0 0 
2460 665 755 1203 755 3 1 755 0 0 
2465 670 747 1200 747 3 1 747 0 0 
2470 678 743 1200 743 3 1 743 0 0 
2475 683 740 1203 740 3 1 740 0 0 
2480 690 735 1200 735 3 1 735 0 0 
2485 696 732 1200 732 3 1 732 0 0 
2490 701 732 1203 732 3 1 732 0 0 
2495 707 728 1200 728 3 1 728 0 0 
2500 712 728 1200 728 3 1 728 0 0 
2505 719 725 1200 725 3 1 725 0 0 
2510 725 720 1200 720 3 1 720 0 0 
2515 730 720 1203 720 3 1 720 0 0 
2520 736 717 1203 717 3 1 717 0 0 
2525 743 713 1200 713 3 1 713 0 0 
2530 748 710 1200 710 3 1 710 0 0 
2535 754 705 1203 705 3 1 705 0 0 
2540 761 702 1200 702 3 1 702 0 0 
2545 766 702 1200 702 3 1 702 0 0 
2550 772 695 1200 695 3 1 695 0 0 
2555 777 687 1200 687 3 1 687 0 0 
2560 785 680 1183 680 3 1 680 0 0 
2565 790 672 1158 672 3 1 672 0 0 
2570 795 665 1118 665 3 1 665 0 0 
2575 802 653 1078 653 3 1 653 0 0 
2580 809 642 1033 642 3 1 642 0 0 
2585 813 638 998 638 3 1 638 0 0 
2590 818 635 965 635 3 1 635 0 0 
2595 822 642 928 642 3 1 642 0 0 
2600 827 653 883 653 3 1 653 0 0 
2605 833 660 848 660 3 1 660 0 0 
2610 836 672 813 672 3 1 672 0 0 
2615 840 675 783 675 3 1 675 0 0 
2620 844 675 733 675 3 1 675 0 0 
2625 847 675 703 675 3 1 675 0 0 
2630 851 665 658 665 3 1 665 0 0 
2635 854 653 618 653 3 1 653 0 0 
2640 856 635 580 635 3 1 635 0 0 
2645 860 608 545 608 3 1 608 0 0 
2650 862 585 500 585 3 1 585 0 0 
2655 865 555 463 555 3 1 555 0 0 
2660 867 525 435 525 3 1 525 0 0 
2665 869 500 410 500 3 1 500 0 0 
2670 871 473 350 473 3 1 473 0 0 
2675 873 447 315 447 3 1 447 0 0 
2680 874 420 293 420 3 1 420 0 0 
2685 874 402 278 402 3 1 402 0 0 
2690 876 390 263 390 3 1 390 0 0 
2695 878 380 233 380 3 1 380 0 0 
2700 880 368 205 368 3 1 368 0 0 
2705 880 353 183 353 3 1 353 0 0 
2710 882 342 173 342 3 1 342 0 0 
2715 882 330 135 330 3 1 330 0 0 
2720 882 323 118 323 3 1 323 0 0 
2725 882 315 120 315 3 1 315 0 0 
2730 883 308 118 308 3 1 308 0 0 
2735 883 305 105 305 3 1 305 0 0 
2740 883 297 105 297 3 1 297 0 0 
2745 885 290 103 290 3 1 290 0 0 
2750 885 278 88 278 3 1 278 0 0 
2755 885 263 88 263 3 1 263 0 0 
2760 885 245 88 245 3 1 245 0 0 
2765 887 233 88 233 3 1 233 0 0 
2770 887 210 83 210 3 1 210 0 0 
2775 887 192 70 192 3 1 192 0 0 
2780 887 162 75 162 3 1 162 0 0 
2785 887 140 70 140 3 1 140 0 0 
2790 887 117 68 117 3 1 117 0 0 
2795 887 90 65 90 3 1 90 0 0 
2800 889 65 53 65 3 1 65 0 0 
2805 889 35 38 35 3 1 35 0 0 
2810 889 5 13 5 3 1 5 0 0 
2815 889 -27 0 -27 3 1 -27 0 0 
2820 889 -65 -13 -65 3 1 -65 0 0 
2825 887 -98 -50 -98 3 1 -98 0 0 
2830 887 -140 -103 -140 3 1 -140 0 0 
2835 889 -180 -170 -180 3 1 -180 0 0 
2840 885 -230 -253 -230 3 1 -230 0 0 
2845 885 -267 -325 -267 3 1 -267 0 0 
2850 883 -300 -403 -300 3 1 -300 0 0 
2855 882 -330 -475 -330 3 1 -330 0 0 
2860 880 -350 -565 -350 3 1 -350 0 0 
2865 876 -357 -638 -357 3 1 -357 0 0 
2870 873 -350 -708 -350 4 1 -350 0 0 
2875 869 -338 -778 -338 4 1 -338 0 0 
2880 865 -315 -865 -315 4 1 -315 0 0 
2885 860 -297 -935 -297 4 1 -297 0 0 
2890 856 -278 -1008 -278 4 1 -278 0 0 
2895 851 -260 -1083 -260 4 1 -260 0 0 
2900 845 -248 -1168 -248 4 1 -248 0 0 
2905 840 -240 -1195 -240 4 1 -240 0 0 
2910 833 -240 -1200 -240 4 1 -240 0 0 
2915 829 -240 -1200 -240 4 1 -240 0 0 
2920 820 -240 -1200 -240 4 1 -240 0 0 
2925 816 -248 -1200 -248 4 1 -248 0 0 
2930 809 -263 -1200 -263 4 1 -263 0 0 
2935 804 -293 -1200 -293 4 1 -293 0 0 
2940 795 -335 -1200 -335 4 1 -335 0 0 
2945 790 -375 -1200 -375 4 1 -375 0 0 
2950 785 -413 -1195 -413 4 1 -413 0 0 
2955 779 -455 -1200 -455 4 1 -455 0 0 
2960 770 -507 -1200 -507 4 1 -507 0 0 
2965 765 -548 -1195 -548 4 1 -548 0 0 
2970 759 -590 -1200 -590 4 1 -590 0 0 
2975 754 -627 -1200 -627 4 1 -627 0 0 
2980 746 -672 -1200 -672 4 1 -672 0 0 
2985 741 -705 -1195 -705 4 1 -705 0 0 
2990 734 -728 -1200 -728 4 1 -728 0 0 
2995 730 -747 -1200 -747 4 1 -747 0 0 
3000 723 -758 -1200 -758 4 1 -758 0 0 
3005 717 -758 -1195 -758 4 1 -758 0 0 
3010 710 -747 -1200 -747 4 1 -747 0 0 
3015 705 -732 -1195 -732 4 1 -732 0 0 
3020 699 -713 -1195 -713 4 1 -713 0 0 
3025 694 -690 -1200 -690 4 1 -690 0 0 
3030 688 -665 -1200 -665 4 1 -665 0 0 
3035 683 -645 -1200 -645 4 1 -645 0 0 
3040 676 -623 -1200 -623 4 1 -623 0 0 
3045 670 -605 -1200 -605 4 1 -605 0 0 
3050 663 -593 -1200 -593 4 1 -593 0 0 
3055 658 -585 -1200 -585 4 1 -585 0 0 
3060 652 -578 -1200 -578 4 1 -578 0 0 
3065 645 -570 -1200 -570 4 1 -570 0 0 
3070 639 -567 -1200 -567 4 1 -567 0 0 
3075 634 -563 -1195 -563 4 1 -563 0 0 
3080 627 -560 -1200 -560 4 1 -560 0 0 
3085 621 -555 -1200 -555 4 1 -555 0 0 
3090 616 -555 -1200 -555 4 1 -555 0 0 
3095 609 -552 -1195 -552 4 1 -552 0 0 
3100 603 -548 -1200 -548 4 1 -548 0 0 
3105 598 -545 -1200 -545 4 1 -545 0 0 
3110 590 -540 -1200 -540 4 1 -540 0 0 
3115 585 -540 -1195 -540 4 1 -540 0 0 
3120 578 -533 -1200 -533 4 1 -533 0 0 
3125 572 -530 -1200 -530 4 1 -530 0 0 
3130 567 -525 -1200 -525 4 1 -525 0 0 
3135 561 -522 -1200 -522 4 1 -522 0 0 
3140 556 -515 -1195 -515 4 1 -515 0 0 
3145 549 -510 -1200 -510 4 1 -510 0 0 
3150 543 -507 -1200 -507 4 1 -507 0 0 
3155 538 -503 -1200 -503 4 1 -503 0 0 
3160 531 -500 -1200 -500 4 1 -500 0 0 
3165 525 -495 -1195 -495 4 1 -495 0 0 
3170 520 -488 -1200 -488 4 1 -488 0 0 
3175 514 -485 -1195 -485 4 1 -485 0 0 
3180 507 -473 -1195 -473 4 1 -473 0 0 
3185 502 -465 -1200 -465 4 1 -465 0 0 
3190 496 -455 -1195 -455 4 1 -455 0 0 
3195 491 -447 -1200 -447 4 1 -447 0 0 
3200 483 -432 -1195 -432 4 1 -432 0 0 
3205 476 -425 -1200 -425 4 1 -425 0 0 
3210 473 -413 -1195 -413 4 1 -413 0 0 
3215 465 -402 -1200 -402 4 1 -402 0 0 
3220 460 -395 -1195 -395 4 1 -395 0 0 
3225 454 -383 -1200 -383 4 1 -383 0 0 
3230 447 -372 -1200 -372 4 1 -372 0 0 
3235 442 -357 -1200 -357 4 1 -357 0 0 
3240 435 -342 -1200 -342 4 1 -342 0 0 
3245 429 -330 -1195 -330 4 1 -330 0 0 
3250 424 -320 -1200 -320 4 1 -320 0 0 
3255 418 -308 -1200 -308 4 1 -308 0 0 
3260 411 -297 -1195 -297 4 1 -297 0 0 
3265 405 -285 -1200 -285 4 1 -285 0 0 
3270 400 -275 -1200 -275 4 1 -275 0 0 
3275 395 -263 -1195 -263 4 1 -263 0 0 
3280 387 -252 -1195 -252 4 1 -252 0 0 
3285 382 -240 -1195 -240 4 1 -240 0 0 
3290 376 -233 -1195 -233 4 1 -233 0 0 
3295 371 -225 -1200 -225 4 1 -225 0 0 
3300 364 -215 -1200 -215 4 1 -215 0 0 
3305 358 -207 -1195 -207 4 1 -207 0 0 
3310 353 -200 -1200 -200 4 1 -200 0 0 
3315 347 -195 -1200 -195 4 1 -195 0 0 
3320 340 -188 -1200 -188 4 1 -188 0 0 
3325 335 -185 -1200 -185 4 1 -185 0 0 
3330 329 -180 -1200 -180 4 1 -180 0 0 
3335 324 -180 -1200 -180 4 1 -180 0 0 
3340 317 -177 -1200 -177 4 1 -177 0 0 
3345 311 -173 -1200 -173 4 1 -173 0 0 
3350 304 -173 -1200 -173 4 1 -173 0 0 
3355 298 -165 -1195 -165 4 1 -165 0 0 
3360 293 -162 -1200 -162 4 1 -162 0 0 
3365 288 -155 -1195 -155 4 1 -155 0 0 
3370 280 -147 -1195 -147 4 1 -147 0 0 
3375 275 -135 -1195 -135 4 1 -135 0 0 
3380 268 -125 -1195 -125 4 1 -125 0 0 
3385 262 -110 -1200 -110 4 1 -110 0 0 
3390 257 -95 -1200 -95 4 1 -95 0 0 
3395 251 -80 -1200 -80 4 1 -80 0 0 
3400 244 -65 -1195 -65 4 1 -65 0 0 
3405 239 -50 -1195 -50 4 1 -50 0 0 
3410 233 -30 -1193 -30 4 1 -30 0 0 
3415 228 -15 -1188 -15 4 1 -15 0 0 
3420 220 0 -1178 0 4 1 0 0 0 
3425 215 15 -1165 15 4 1 15 0 0 
3430 210 27 -1138 27 4 1 27 0 0 
3435 204 38 -1098 38 4 1 38 0 0 
3440 199 50 -1060 50 4 1 50 0 0 
3445 193 57 -1025 57 4 1 57 0 0 
3450 188 57 -985 57 4 1 57 0 0 
3455 184 53 -955 53 4 1 53 0 0 
3460 179 45 -913 45 4 1 45 0 0 
3465 173 30 -878 30 4 1 30 0 0 
3470 170 20 -840 20 4 1 20 0 0 
3475 166 8 -803 8 4 1 8 0 0 
3480 161 -5 -763 -5 4 1 -5 0 0 
3485 157 -15 -735 -15 4 1 -15 0 0 
3490 153 -20 -693 -20 4 1 -20 0 0 
3495 152 -23 -660 -23 4 1 -23 0 0 
3500 146 -23 -618 -23 4 1 -23 0 0 
3505 144 -20 -575 -20 4 1 -20 0 0 
3510 141 -12 -550 -12 4 1 -12 0 0 
3515 139 -5 -513 -5 4 1 -5 0 0 
3520 135 12 -473 12 4 1 12 0 0 
3525 133 23 -418 23 4 1 23 0 0 
3530 132 38 -393 38 4 1 38 0 0 
3535 130 53 -368 53 4 1 53 0 0 
3540 128 75 -310 75 4 1 75 0 0 
3545 126 83 -278 83 4 1 83 0 0 
