19112115.292
File-type:2
Date of Test:21.11.2019
Time of Test:15:29
Name of Person:WALKER SARAH        
Joint-Side:1
Test-Mode:1
Joint:0
Plane:0
Zero:70
Motion-Start:15
Motion-End:90
Speed (Movement 1):90
Speed (Movement 2):90
Acceleration  (conc):5
Acceleration  (ecc):5
Decelerat.(conc):
Decelerat.(ecc):
Break:60
Start-Holdposition:
End-Holdposition:
Hold-Time:
No. of sets:1
No. of repetitions:4
Start-Trigg.:
Weight:63 
Height:170
Date of birth:          
Insured side:                      
Sex:    female
Therapist:                      
Gravitycomp.:0
Astacustest:0
Dyna-Tilt-Angle:0
Dyna-Rotation:33128
Dyna-Height:50
Dyna-Swivelarm:530
Seatback-Tilt-Angle:75
Seatback-Move:160
Seat-Tilt:1
Seat-Thigh-Pad:0
Adapter-Pullout-Lenght:120
Adapter-Pullout-Side:60
Footadapter-Rotation:30
Footadapter-Tilt:0
Footadapter-Move:0
Supporthandle-Lenght:20
Supporthandle-Move:520
Supporthandle-Side:0
Shoulder-Lenght:310
Shoulder-Side:10
Double-Pad:0


fdgsfdgsgfsfgsgfsfgssfgsf
UserID:0
MwareID:0


























EXPLANATION OF THE COLUMNS
1.column: time in milliseconds
2.column: relative position in 1/10 degree or millimeter
3.column: torque in 1/10 Nm or force in newton
4.column: speed in 1/10 degree/second or 1/10 millimeter/second
5.column: torque without gravitycalibration in 1/10 Nm
6.column: current repetition(about 1.2 degrees delayed)
7.column: current set
8.column: torque on dynamometer
9.column: force on right leg or deviation of force
10.column: force on left leg or deviation of position
 
MEASUREMENT STARTS AFTER LINE 100





5 156 -147 -3 -147 1 1 -147 0 0 
10 156 -150 0 -150 1 1 -150 0 0 
15 156 -150 0 -150 1 1 -150 0 0 
20 156 -150 -3 -150 1 1 -150 0 0 
25 155 -155 -3 -155 1 1 -155 0 0 
30 155 -150 0 -150 1 1 -150 0 0 
35 155 -150 0 -150 1 1 -150 0 0 
40 155 -150 0 -150 1 1 -150 0 0 
45 156 -150 0 -150 1 1 -150 0 0 
50 155 -147 -3 -147 1 1 -147 0 0 
55 156 -147 0 -147 1 1 -147 0 0 
60 156 -147 0 -147 1 1 -147 0 0 
65 156 -147 0 -147 1 1 -147 0 0 
70 155 -143 -3 -143 1 1 -143 0 0 
75 155 -143 -3 -143 1 1 -143 0 0 
80 155 -143 0 -143 1 1 -143 0 0 
85 156 -143 -3 -143 1 1 -143 0 0 
90 156 -143 -3 -143 1 1 -143 0 0 
95 156 -143 0 -143 1 1 -143 0 0 
100 156 -143 0 -143 1 1 -143 0 0 
105 156 -147 0 -147 1 1 -147 0 0 
110 155 -143 -3 -143 1 1 -143 0 0 
115 156 -143 -3 -143 1 1 -143 0 0 
120 155 -147 0 -147 1 1 -147 0 0 
125 156 -143 0 -143 1 1 -143 0 0 
130 155 -143 0 -143 1 1 -143 0 0 
135 156 -143 0 -143 1 1 -143 0 0 
140 156 -143 -3 -143 1 1 -143 0 0 
145 155 -143 0 -143 1 1 -143 0 0 
150 156 -143 -3 -143 1 1 -143 0 0 
155 156 -143 0 -143 1 1 -143 0 0 
160 155 -140 0 -140 1 1 -140 0 0 
165 156 -140 0 -140 1 1 -140 0 0 
170 156 -140 0 -140 1 1 -140 0 0 
175 155 -140 0 -140 1 1 -140 0 0 
180 156 -140 -3 -140 1 1 -140 0 0 
185 156 -143 -3 -143 1 1 -143 0 0 
190 155 -140 0 -140 1 1 -140 0 0 
195 156 -140 0 -140 1 1 -140 0 0 
200 155 -140 0 -140 1 1 -140 0 0 
205 155 -140 -3 -140 1 1 -140 0 0 
210 155 -140 -3 -140 1 1 -140 0 0 
215 155 -140 -3 -140 1 1 -140 0 0 
220 155 -140 0 -140 1 1 -140 0 0 
225 156 -140 0 -140 1 1 -140 0 0 
230 156 -140 0 -140 1 1 -140 0 0 
235 156 -140 -3 -140 1 1 -140 0 0 
240 156 -140 0 -140 1 1 -140 0 0 
245 155 -140 0 -140 1 1 -140 0 0 
250 155 -135 0 -135 1 1 -135 0 0 
255 156 -135 -3 -135 1 1 -135 0 0 
260 156 -135 0 -135 1 1 -135 0 0 
265 156 -135 0 -135 1 1 -135 0 0 
270 156 -135 -3 -135 1 1 -135 0 0 
275 155 -135 -3 -135 1 1 -135 0 0 
280 156 -135 0 -135 1 1 -135 0 0 
285 156 -132 0 -132 1 1 -132 0 0 
290 156 -132 0 -132 1 1 -132 0 0 
295 156 -132 0 -132 1 1 -132 0 0 
300 155 -128 0 -128 1 1 -128 0 0 
305 155 -128 0 -128 1 1 -128 0 0 
310 155 -128 0 -128 1 1 -128 0 0 
315 155 -125 -3 -125 1 1 -125 0 0 
320 156 -125 -3 -125 1 1 -125 0 0 
325 156 -120 -3 -120 1 1 -120 0 0 
330 155 -120 0 -120 1 1 -120 0 0 
335 156 -120 0 -120 1 1 -120 0 0 
340 156 -120 0 -120 1 1 -120 0 0 
345 155 -120 -3 -120 1 1 -120 0 0 
350 156 -117 0 -117 1 1 -117 0 0 
355 156 -117 0 -117 1 1 -117 0 0 
360 155 -117 -3 -117 1 1 -117 0 0 
365 156 -113 -3 -113 1 1 -113 0 0 
370 156 -113 -3 -113 1 1 -113 0 0 
375 156 -110 0 -110 1 1 -110 0 0 
380 156 -102 -3 -102 1 1 -102 0 0 
385 156 -98 0 -98 1 1 -98 0 0 
390 155 -95 0 -95 1 1 -95 0 0 
395 156 -90 -3 -90 1 1 -90 0 0 
400 156 -87 -3 -87 1 1 -87 0 0 
405 156 -80 0 -80 1 1 -80 0 0 
410 156 -72 0 -72 1 1 -72 0 0 
415 156 -68 -3 -68 1 1 -68 0 0 
420 156 -60 0 -60 1 1 -60 0 0 
425 156 -45 0 -45 1 1 -45 0 0 
430 156 -35 0 -35 1 1 -35 0 0 
435 156 -23 0 -23 1 1 -23 0 0 
440 156 -5 13 -5 1 1 -5 0 0 
445 156 15 25 15 1 1 15 0 0 
450 156 35 40 35 1 1 35 0 0 
455 156 53 55 53 1 1 53 0 0 
460 156 68 78 68 1 1 68 0 0 
465 156 83 103 83 1 1 83 0 0 
470 158 98 123 98 1 1 98 0 0 
475 158 110 153 110 1 1 110 0 0 
480 158 117 175 117 1 1 117 0 0 
485 160 128 210 128 1 1 128 0 0 
490 162 135 238 135 1 1 135 0 0 
495 162 143 270 143 1 1 143 0 0 
500 164 143 300 143 1 1 143 0 0 
505 165 147 338 147 1 1 147 0 0 
510 167 147 375 147 1 1 147 0 0 
515 169 143 405 143 1 1 143 0 0 
520 171 147 445 147 1 1 147 0 0 
525 175 147 495 147 1 1 147 0 0 
530 176 150 540 150 1 1 150 0 0 
535 178 158 585 158 1 1 158 0 0 
540 182 165 633 165 1 1 165 0 0 
545 185 177 703 177 1 1 177 0 0 
550 189 188 760 188 1 1 188 0 0 
555 193 200 825 200 1 1 200 0 0 
560 196 215 880 215 1 1 215 0 0 
565 202 233 900 233 1 1 233 0 0 
570 205 248 903 248 1 1 248 0 0 
575 211 267 900 267 1 1 267 0 0 
580 214 285 900 285 1 1 285 0 0 
585 220 312 900 312 1 1 312 0 0 
590 225 345 903 345 1 1 345 0 0 
595 229 380 903 380 1 1 380 0 0 
600 234 417 900 417 1 1 417 0 0 
605 238 470 900 470 1 1 470 0 0 
610 243 507 900 507 1 1 507 0 0 
615 247 545 900 545 1 1 545 0 0 
620 253 570 900 570 1 1 570 0 0 
625 258 597 903 597 1 1 597 0 0 
630 262 612 900 612 1 1 612 0 0 
635 265 615 903 615 1 1 615 0 0 
640 271 615 900 615 1 1 615 0 0 
645 274 600 900 600 1 1 600 0 0 
650 280 590 900 590 1 1 590 0 0 
655 285 578 900 578 1 1 578 0 0 
660 289 570 903 570 1 1 570 0 0 
665 294 563 900 563 1 1 563 0 0 
670 298 563 903 563 1 1 563 0 0 
675 303 567 903 567 1 1 567 0 0 
680 308 575 903 575 1 1 575 0 0 
685 313 582 900 582 1 1 582 0 0 
690 317 593 903 593 1 1 593 0 0 
695 321 600 900 600 1 1 600 0 0 
700 326 608 903 608 1 1 608 0 0 
705 331 620 900 620 1 1 620 0 0 
710 337 623 900 623 1 1 623 0 0 
715 341 627 900 627 1 1 627 0 0 
720 344 630 900 630 1 1 630 0 0 
725 350 635 903 635 1 1 635 0 0 
730 353 635 900 635 1 1 635 0 0 
735 359 635 900 635 1 1 635 0 0 
740 362 638 903 638 1 1 638 0 0 
745 368 635 900 635 1 1 635 0 0 
750 371 635 900 635 1 1 635 0 0 
755 377 635 900 635 1 1 635 0 0 
760 380 630 903 630 1 1 630 0 0 
765 386 630 900 630 1 1 630 0 0 
770 390 627 900 627 1 1 627 0 0 
775 395 627 903 627 1 1 627 0 0 
780 399 627 900 627 1 1 627 0 0 
785 404 627 900 627 1 1 627 0 0 
790 408 627 900 627 1 1 627 0 0 
795 413 627 903 627 1 1 627 0 0 
800 417 630 900 630 1 1 630 0 0 
805 422 630 900 630 1 1 630 0 0 
810 426 635 900 635 1 1 635 0 0 
815 431 635 900 635 1 1 635 0 0 
820 435 635 903 635 1 1 635 0 0 
825 440 635 900 635 1 1 635 0 0 
830 446 638 900 638 1 1 638 0 0 
835 449 638 903 638 1 1 638 0 0 
840 453 638 900 638 1 1 638 0 0 
845 458 638 900 638 1 1 638 0 0 
850 462 635 900 635 1 1 635 0 0 
855 468 635 900 635 1 1 635 0 0 
860 471 635 900 635 1 1 635 0 0 
865 477 630 900 630 1 1 630 0 0 
870 482 630 900 630 1 1 630 0 0 
875 486 630 900 630 1 1 630 0 0 
880 491 630 900 630 1 1 630 0 0 
885 495 630 900 630 1 1 630 0 0 
890 500 630 900 630 1 1 630 0 0 
895 504 630 900 630 1 1 630 0 0 
900 507 630 900 630 1 1 630 0 0 
905 513 630 900 630 1 1 630 0 0 
910 518 630 900 630 1 1 630 0 0 
915 522 630 900 630 1 1 630 0 0 
920 527 630 900 630 1 1 630 0 0 
925 532 630 900 630 1 1 630 0 0 
930 537 627 900 627 1 1 627 0 0 
935 541 627 900 627 1 1 627 0 0 
940 545 627 900 627 1 1 627 0 0 
945 550 623 900 623 1 1 623 0 0 
950 554 620 900 620 1 1 620 0 0 
955 559 620 900 620 1 1 620 0 0 
960 563 615 900 615 1 1 615 0 0 
965 568 612 903 612 1 1 612 0 0 
970 574 612 900 612 1 1 612 0 0 
975 577 608 900 608 1 1 608 0 0 
980 581 612 900 612 1 1 612 0 0 
985 586 608 903 608 1 1 608 0 0 
990 590 605 900 605 1 1 605 0 0 
995 595 600 900 600 1 1 600 0 0 
1000 599 600 900 600 1 1 600 0 0 
1005 605 597 900 597 1 1 597 0 0 
1010 610 593 900 593 1 1 593 0 0 
1015 614 590 900 590 1 1 590 0 0 
1020 617 590 900 590 1 1 590 0 0 
1025 623 585 900 585 1 1 585 0 0 
1030 628 582 900 582 1 1 582 0 0 
1035 632 578 900 578 1 1 578 0 0 
1040 637 578 900 578 1 1 578 0 0 
1045 643 575 900 575 1 1 575 0 0 
1050 646 575 900 575 1 1 575 0 0 
1055 650 570 903 570 1 1 570 0 0 
1060 655 567 900 567 1 1 567 0 0 
1065 661 563 900 563 1 1 563 0 0 
1070 664 560 900 560 1 1 560 0 0 
1075 668 555 900 555 1 1 555 0 0 
1080 673 552 900 552 1 1 552 0 0 
1085 677 545 900 545 1 1 545 0 0 
1090 683 545 903 545 1 1 545 0 0 
1095 686 540 903 540 1 1 540 0 0 
1100 690 537 900 537 1 1 537 0 0 
1105 695 533 903 533 1 1 533 0 0 
1110 701 530 900 530 1 1 530 0 0 
1115 704 525 900 525 1 1 525 0 0 
1120 708 522 900 522 1 1 522 0 0 
1125 713 518 903 518 1 1 518 0 0 
1130 717 515 900 515 1 1 515 0 0 
1135 722 507 903 507 1 1 507 0 0 
1140 726 503 903 503 1 1 503 0 0 
1145 731 495 900 495 1 1 495 0 0 
1150 735 492 900 492 1 1 492 0 0 
1155 741 488 900 488 1 1 488 0 0 
1160 744 485 903 485 1 1 485 0 0 
1165 750 477 900 477 1 1 477 0 0 
1170 756 477 903 477 1 1 477 0 0 
1175 760 470 903 470 1 1 470 0 0 
1180 763 465 900 465 1 1 465 0 0 
1185 769 462 903 462 1 1 462 0 0 
1190 774 458 900 458 1 1 458 0 0 
1195 778 450 900 450 1 1 450 0 0 
1200 781 447 903 447 1 1 447 0 0 
1205 787 443 888 443 1 1 443 0 0 
1210 792 440 865 440 1 1 440 0 0 
1215 796 432 843 432 1 1 432 0 0 
1220 800 428 823 428 1 1 428 0 0 
1225 803 428 800 428 1 1 428 0 0 
1230 809 428 775 428 1 1 428 0 0 
1235 812 432 760 432 1 1 432 0 0 
1240 816 435 743 435 1 1 435 0 0 
1245 820 447 705 447 1 1 447 0 0 
1250 823 450 693 450 1 1 450 0 0 
1255 827 455 673 455 1 1 455 0 0 
1260 829 455 655 455 1 1 455 0 0 
1265 832 450 633 450 1 1 450 0 0 
1270 836 440 608 440 1 1 440 0 0 
1275 839 428 585 428 1 1 428 0 0 
1280 841 417 573 417 1 1 417 0 0 
1285 845 402 540 402 1 1 402 0 0 
1290 849 395 523 395 1 1 395 0 0 
1295 850 390 495 390 1 1 390 0 0 
1300 852 383 475 383 1 1 383 0 0 
1305 856 383 445 383 1 1 383 0 0 
1310 858 383 420 383 1 1 383 0 0 
1315 859 383 410 383 1 1 383 0 0 
1320 861 383 390 383 1 1 383 0 0 
1325 863 380 363 380 1 1 380 0 0 
1330 865 375 340 375 1 1 375 0 0 
1335 867 368 318 368 1 1 368 0 0 
1340 869 360 290 360 1 1 360 0 0 
1345 870 350 273 350 1 1 350 0 0 
1350 872 342 265 342 1 1 342 0 0 
1355 872 330 240 330 1 1 330 0 0 
1360 874 323 220 323 1 1 323 0 0 
1365 874 315 208 315 1 1 315 0 0 
1370 876 308 193 308 1 1 308 0 0 
1375 878 300 175 300 1 1 300 0 0 
1380 878 297 170 297 1 1 297 0 0 
1385 879 290 160 290 1 1 290 0 0 
1390 879 282 155 282 1 1 282 0 0 
1395 879 275 143 275 1 1 275 0 0 
1400 881 267 130 267 1 1 267 0 0 
1405 881 255 120 255 1 1 255 0 0 
1410 881 240 110 240 1 1 240 0 0 
1415 881 233 105 233 1 1 233 0 0 
1420 883 222 95 222 1 1 222 0 0 
1425 883 207 83 207 1 1 207 0 0 
1430 883 192 80 192 1 1 192 0 0 
1435 885 180 78 180 1 1 180 0 0 
1440 885 165 70 165 1 1 165 0 0 
1445 885 147 65 147 1 1 147 0 0 
1450 885 132 65 132 1 1 132 0 0 
1455 885 117 68 117 1 1 117 0 0 
1460 887 98 65 98 1 1 98 0 0 
1465 885 75 50 75 1 1 75 0 0 
1470 887 53 38 53 1 1 53 0 0 
1475 887 27 23 27 1 1 27 0 0 
1480 887 0 0 0 1 1 0 0 0 
1485 887 -38 -5 -38 1 1 -38 0 0 
1490 887 -65 -30 -65 1 1 -65 0 0 
1495 887 -90 -68 -90 1 1 -90 0 0 
1500 887 -120 -105 -120 1 1 -120 0 0 
1505 885 -150 -160 -150 1 1 -150 0 0 
1510 883 -173 -205 -173 1 1 -173 0 0 
1515 883 -195 -258 -195 1 1 -195 0 0 
1520 881 -215 -310 -215 1 1 -215 0 0 
1525 881 -230 -378 -230 1 1 -230 0 0 
1530 879 -240 -438 -240 1 1 -240 0 0 
1535 876 -248 -500 -248 1 1 -248 0 0 
1540 874 -255 -568 -255 1 1 -255 0 0 
1545 870 -267 -653 -267 2 1 -267 0 0 
1550 869 -275 -725 -275 2 1 -275 0 0 
1555 865 -282 -800 -282 2 1 -282 0 0 
1560 859 -290 -873 -290 2 1 -290 0 0 
1565 856 -297 -900 -297 2 1 -297 0 0 
1570 850 -300 -900 -300 2 1 -300 0 0 
1575 847 -308 -900 -308 2 1 -308 0 0 
1580 841 -315 -900 -315 2 1 -315 0 0 
1585 838 -330 -900 -330 2 1 -330 0 0 
1590 832 -350 -900 -350 2 1 -350 0 0 
1595 829 -375 -895 -375 2 1 -375 0 0 
1600 823 -405 -900 -405 2 1 -405 0 0 
1605 820 -450 -895 -450 2 1 -450 0 0 
1610 814 -488 -900 -488 2 1 -488 0 0 
1615 810 -525 -895 -525 2 1 -525 0 0 
1620 805 -555 -900 -555 2 1 -555 0 0 
1625 801 -582 -900 -582 2 1 -582 0 0 
1630 796 -600 -895 -600 2 1 -600 0 0 
1635 792 -608 -900 -608 2 1 -608 0 0 
1640 787 -612 -895 -612 2 1 -612 0 0 
1645 783 -608 -895 -608 2 1 -608 0 0 
1650 778 -597 -900 -597 2 1 -597 0 0 
1655 774 -585 -895 -585 2 1 -585 0 0 
1660 771 -570 -900 -570 2 1 -570 0 0 
1665 765 -563 -900 -563 2 1 -563 0 0 
1670 762 -563 -900 -563 2 1 -563 0 0 
1675 756 -563 -900 -563 2 1 -563 0 0 
1680 750 -570 -900 -570 2 1 -570 0 0 
1685 744 -585 -900 -585 2 1 -585 0 0 
1690 741 -597 -900 -597 2 1 -597 0 0 
1695 737 -612 -900 -612 2 1 -612 0 0 
1700 733 -623 -900 -623 2 1 -623 0 0 
1705 728 -635 -900 -635 2 1 -635 0 0 
1710 722 -642 -895 -642 2 1 -642 0 0 
1715 719 -645 -895 -645 2 1 -645 0 0 
1720 713 -650 -900 -650 2 1 -650 0 0 
1725 710 -645 -900 -645 2 1 -645 0 0 
1730 706 -642 -895 -642 2 1 -642 0 0 
1735 701 -638 -900 -638 2 1 -638 0 0 
1740 697 -638 -895 -638 2 1 -638 0 0 
1745 692 -635 -900 -635 2 1 -635 0 0 
1750 688 -638 -900 -638 2 1 -638 0 0 
1755 684 -642 -900 -642 2 1 -642 0 0 
1760 679 -645 -895 -645 2 1 -645 0 0 
1765 673 -650 -895 -650 2 1 -650 0 0 
1770 670 -653 -900 -653 2 1 -653 0 0 
1775 666 -657 -895 -657 2 1 -657 0 0 
1780 661 -657 -900 -657 2 1 -657 0 0 
1785 657 -657 -900 -657 2 1 -657 0 0 
1790 652 -657 -900 -657 2 1 -657 0 0 
1795 648 -657 -895 -657 2 1 -657 0 0 
1800 643 -653 -900 -653 2 1 -653 0 0 
1805 637 -645 -895 -645 2 1 -645 0 0 
1810 634 -645 -900 -645 2 1 -645 0 0 
1815 630 -642 -900 -642 2 1 -642 0 0 
1820 624 -642 -895 -642 2 1 -642 0 0 
1825 619 -642 -900 -642 2 1 -642 0 0 
1830 615 -645 -900 -645 2 1 -645 0 0 
1835 610 -645 -900 -645 2 1 -645 0 0 
1840 606 -650 -900 -650 2 1 -650 0 0 
1845 603 -650 -895 -650 2 1 -650 0 0 
1850 597 -645 -900 -645 2 1 -645 0 0 
1855 594 -645 -900 -645 2 1 -645 0 0 
1860 588 -642 -900 -642 2 1 -642 0 0 
1865 585 -638 -900 -638 2 1 -638 0 0 
1870 579 -635 -900 -635 2 1 -635 0 0 
1875 576 -630 -900 -630 2 1 -630 0 0 
1880 572 -623 -900 -623 2 1 -623 0 0 
1885 566 -620 -900 -620 2 1 -620 0 0 
1890 563 -615 -895 -615 2 1 -615 0 0 
1895 557 -612 -895 -612 2 1 -612 0 0 
1900 554 -612 -900 -612 2 1 -612 0 0 
1905 548 -608 -900 -608 2 1 -608 0 0 
1910 545 -605 -900 -605 2 1 -605 0 0 
1915 539 -600 -900 -600 2 1 -600 0 0 
1920 536 -597 -895 -597 2 1 -597 0 0 
1925 532 -593 -900 -593 2 1 -593 0 0 
1930 526 -585 -895 -585 2 1 -585 0 0 
1935 520 -578 -900 -578 2 1 -578 0 0 
1940 516 -570 -895 -570 2 1 -570 0 0 
1945 513 -563 -895 -563 2 1 -563 0 0 
1950 507 -563 -900 -563 2 1 -563 0 0 
1955 504 -555 -900 -555 2 1 -555 0 0 
1960 498 -552 -895 -552 2 1 -552 0 0 
1965 495 -548 -895 -548 2 1 -548 0 0 
1970 489 -545 -900 -545 2 1 -545 0 0 
1975 486 -540 -900 -540 2 1 -540 0 0 
1980 480 -540 -900 -540 2 1 -540 0 0 
1985 477 -537 -900 -537 2 1 -537 0 0 
1990 471 -530 -900 -530 2 1 -530 0 0 
1995 468 -530 -895 -530 2 1 -530 0 0 
2000 464 -525 -900 -525 2 1 -525 0 0 
2005 458 -518 -895 -518 2 1 -518 0 0 
2010 453 -515 -900 -515 2 1 -515 0 0 
2015 449 -507 -900 -507 2 1 -507 0 0 
2020 444 -500 -900 -500 2 1 -500 0 0 
2025 442 -495 -900 -495 2 1 -495 0 0 
2030 437 -488 -900 -488 2 1 -488 0 0 
2035 431 -485 -900 -485 2 1 -485 0 0 
2040 428 -477 -895 -477 2 1 -477 0 0 
2045 422 -470 -900 -470 2 1 -470 0 0 
2050 419 -462 -900 -462 2 1 -462 0 0 
2055 413 -458 -895 -458 2 1 -458 0 0 
2060 409 -450 -900 -450 2 1 -450 0 0 
2065 406 -443 -900 -443 2 1 -443 0 0 
2070 400 -432 -900 -432 2 1 -432 0 0 
2075 395 -425 -900 -425 2 1 -425 0 0 
2080 391 -417 -895 -417 2 1 -417 0 0 
2085 388 -410 -900 -410 2 1 -410 0 0 
2090 382 -402 -900 -402 2 1 -402 0 0 
2095 379 -398 -900 -398 2 1 -398 0 0 
2100 375 -390 -900 -390 2 1 -390 0 0 
2105 370 -387 -900 -387 2 1 -387 0 0 
2110 364 -380 -900 -380 2 1 -380 0 0 
2115 361 -375 -900 -375 2 1 -375 0 0 
2120 357 -372 -900 -372 2 1 -372 0 0 
2125 351 -368 -900 -368 2 1 -368 0 0 
2130 348 -365 -903 -365 2 1 -365 0 0 
2135 342 -360 -895 -360 2 1 -360 0 0 
2140 339 -357 -900 -357 2 1 -357 0 0 
2145 333 -353 -895 -353 2 1 -353 0 0 
2150 330 -345 -895 -345 2 1 -345 0 0 
2155 324 -338 -900 -338 2 1 -338 0 0 
2160 321 -335 -895 -335 2 1 -335 0 0 
2165 317 -327 -900 -327 2 1 -327 0 0 
2170 312 -320 -895 -320 2 1 -320 0 0 
2175 308 -312 -900 -312 2 1 -312 0 0 
2180 303 -305 -900 -305 2 1 -305 0 0 
2185 298 -297 -900 -297 2 1 -297 0 0 
2190 292 -285 -900 -285 2 1 -285 0 0 
2195 289 -278 -900 -278 2 1 -278 0 0 
2200 285 -270 -900 -270 2 1 -270 0 0 
2205 280 -260 -900 -260 2 1 -260 0 0 
2210 274 -252 -895 -252 2 1 -252 0 0 
2215 271 -245 -895 -245 2 1 -245 0 0 
2220 265 -240 -890 -240 2 1 -240 0 0 
2225 262 -233 -873 -233 2 1 -233 0 0 
2230 256 -230 -850 -230 2 1 -230 0 0 
2235 253 -225 -835 -225 2 1 -225 0 0 
2240 249 -222 -813 -222 2 1 -222 0 0 
2245 245 -222 -790 -222 2 1 -222 0 0 
2250 240 -222 -770 -222 2 1 -222 0 0 
2255 238 -225 -748 -225 2 1 -225 0 0 
2260 234 -230 -730 -230 2 1 -230 0 0 
2265 231 -230 -708 -230 2 1 -230 0 0 
2270 227 -233 -683 -233 2 1 -233 0 0 
2275 223 -230 -668 -230 2 1 -230 0 0 
2280 220 -225 -650 -225 2 1 -225 0 0 
2285 216 -218 -630 -218 2 1 -218 0 0 
2290 213 -207 -600 -207 2 1 -207 0 0 
2295 211 -200 -580 -200 2 1 -200 0 0 
2300 207 -188 -563 -188 2 1 -188 0 0 
2305 205 -177 -540 -177 2 1 -177 0 0 
2310 204 -162 -523 -162 2 1 -162 0 0 
2315 200 -150 -503 -150 2 1 -150 0 0 
2320 198 -140 -480 -140 2 1 -140 0 0 
2325 196 -128 -458 -128 2 1 -128 0 0 
2330 193 -113 -430 -113 2 1 -113 0 0 
2335 191 -98 -410 -98 2 1 -98 0 0 
2340 189 -80 -398 -80 2 1 -80 0 0 
2345 187 -60 -368 -60 2 1 -60 0 0 
2350 185 -35 -343 -35 2 1 -35 0 0 
2355 184 -8 -325 -8 2 1 -8 0 0 
2360 182 15 -305 15 2 1 15 0 0 
2365 182 42 -280 42 2 1 42 0 0 
2370 180 72 -250 72 2 1 72 0 0 
2375 176 90 -223 90 2 1 90 0 0 
2380 178 117 -188 117 2 1 117 0 0 
2385 176 140 -153 140 2 1 140 0 0 
2390 176 173 -100 173 2 1 173 0 0 
2395 175 195 -50 195 2 1 195 0 0 
2400 175 222 -3 222 2 1 222 0 0 
2405 175 245 5 245 2 1 245 0 0 
2410 175 267 55 267 2 1 267 0 0 
2415 176 290 128 290 2 1 290 0 0 
2420 176 308 198 308 2 1 308 0 0 
2425 176 327 275 327 2 1 327 0 0 
2430 180 350 368 350 2 1 350 0 0 
2435 182 360 445 360 2 1 360 0 0 
2440 184 368 523 368 2 1 368 0 0 
2445 185 365 603 365 2 1 365 0 0 
2450 189 357 705 357 2 1 357 0 0 
2455 193 350 790 350 3 1 350 0 0 
2460 196 342 873 342 3 1 342 0 0 
2465 202 338 900 338 3 1 338 0 0 
2470 207 335 900 335 3 1 335 0 0 
2475 211 338 903 338 3 1 338 0 0 
2480 214 345 903 345 3 1 345 0 0 
2485 220 360 903 360 3 1 360 0 0 
2490 225 390 903 390 3 1 390 0 0 
2495 229 428 900 428 3 1 428 0 0 
2500 234 477 900 477 3 1 477 0 0 
2505 238 530 900 530 3 1 530 0 0 
2510 242 585 900 585 3 1 585 0 0 
2515 245 635 900 635 3 1 635 0 0 
2520 251 668 900 668 3 1 668 0 0 
2525 256 698 900 698 3 1 698 0 0 
2530 262 717 903 717 3 1 717 0 0 
2535 265 720 900 720 3 1 720 0 0 
2540 269 713 900 713 3 1 713 0 0 
2545 274 702 900 702 3 1 702 0 0 
2550 278 675 900 675 3 1 675 0 0 
2555 283 653 903 653 3 1 653 0 0 
2560 289 638 900 638 3 1 638 0 0 
2565 292 623 903 623 3 1 623 0 0 
2570 298 612 900 612 3 1 612 0 0 
2575 301 612 900 612 3 1 612 0 0 
2580 308 615 903 615 3 1 615 0 0 
2585 312 627 900 627 3 1 627 0 0 
2590 317 638 900 638 3 1 638 0 0 
2595 321 653 900 653 3 1 653 0 0 
2600 326 668 900 668 3 1 668 0 0 
2605 330 680 900 680 3 1 680 0 0 
2610 335 690 903 690 3 1 690 0 0 
2615 341 698 900 698 3 1 698 0 0 
2620 344 702 903 702 3 1 702 0 0 
2625 348 705 900 705 3 1 705 0 0 
2630 353 702 900 702 3 1 702 0 0 
2635 357 702 900 702 3 1 702 0 0 
2640 361 698 900 698 3 1 698 0 0 
2645 366 690 900 690 3 1 690 0 0 
2650 371 683 903 683 3 1 683 0 0 
2655 375 675 900 675 3 1 675 0 0 
2660 379 675 900 675 3 1 675 0 0 
2665 384 672 900 672 3 1 672 0 0 
2670 390 672 903 672 3 1 672 0 0 
2675 393 675 900 675 3 1 675 0 0 
2680 397 680 900 680 3 1 680 0 0 
2685 402 683 900 683 3 1 683 0 0 
2690 406 687 900 687 3 1 687 0 0 
2695 411 690 900 690 3 1 690 0 0 
2700 417 695 903 695 3 1 695 0 0 
2705 420 695 900 695 3 1 695 0 0 
2710 426 695 900 695 3 1 695 0 0 
2715 429 695 900 695 3 1 695 0 0 
2720 435 690 900 690 3 1 690 0 0 
2725 439 687 900 687 3 1 687 0 0 
2730 444 683 900 683 3 1 683 0 0 
2735 448 680 900 680 3 1 680 0 0 
2740 453 680 900 680 3 1 680 0 0 
2745 457 675 900 675 3 1 675 0 0 
2750 462 675 903 675 3 1 675 0 0 
2755 466 672 903 672 3 1 672 0 0 
2760 471 675 903 675 3 1 675 0 0 
2765 475 672 900 672 3 1 672 0 0 
2770 480 672 903 672 3 1 672 0 0 
2775 484 672 900 672 3 1 672 0 0 
2780 487 672 903 672 3 1 672 0 0 
2785 493 672 903 672 3 1 672 0 0 
2790 498 672 900 672 3 1 672 0 0 
2795 502 672 900 672 3 1 672 0 0 
2800 507 672 900 672 3 1 672 0 0 
2805 511 672 900 672 3 1 672 0 0 
2810 516 668 903 668 3 1 668 0 0 
2815 520 668 900 668 3 1 668 0 0 
2820 524 668 900 668 3 1 668 0 0 
2825 530 665 900 665 3 1 665 0 0 
2830 536 660 900 660 3 1 660 0 0 
2835 539 657 903 657 3 1 657 0 0 
2840 545 653 900 653 3 1 653 0 0 
2845 548 650 900 650 3 1 650 0 0 
2850 554 645 900 645 3 1 645 0 0 
2855 557 642 900 642 3 1 642 0 0 
2860 563 638 900 638 3 1 638 0 0 
2865 566 638 903 638 3 1 638 0 0 
2870 570 638 903 638 3 1 638 0 0 
2875 576 635 900 635 3 1 635 0 0 
2880 579 630 900 630 3 1 630 0 0 
2885 585 630 900 630 3 1 630 0 0 
2890 588 627 900 627 3 1 627 0 0 
2895 594 627 900 627 3 1 627 0 0 
2900 597 623 900 623 3 1 623 0 0 
2905 603 623 900 623 3 1 623 0 0 
2910 608 615 900 615 3 1 615 0 0 
2915 612 615 900 615 3 1 615 0 0 
2920 615 612 900 612 3 1 612 0 0 
2925 621 612 900 612 3 1 612 0 0 
2930 624 608 900 608 3 1 608 0 0 
2935 630 605 900 605 3 1 605 0 0 
2940 634 605 903 605 3 1 605 0 0 
2945 639 597 900 597 3 1 597 0 0 
2950 644 597 900 597 3 1 597 0 0 
2955 648 593 900 593 3 1 593 0 0 
2960 654 590 900 590 3 1 590 0 0 
2965 657 585 900 585 3 1 585 0 0 
2970 663 585 903 585 3 1 585 0 0 
2975 666 582 900 582 3 1 582 0 0 
2980 672 578 900 578 3 1 578 0 0 
2985 675 575 900 575 3 1 575 0 0 
2990 681 570 903 570 3 1 570 0 0 
2995 684 567 903 567 3 1 567 0 0 
3000 688 563 903 563 3 1 563 0 0 
3005 693 560 903 560 3 1 560 0 0 
3010 699 555 903 555 3 1 555 0 0 
3015 702 552 900 552 3 1 552 0 0 
3020 706 548 900 548 3 1 548 0 0 
3025 710 545 900 545 3 1 545 0 0 
3030 715 540 900 540 3 1 540 0 0 
3035 719 537 903 537 3 1 537 0 0 
3040 724 533 900 533 3 1 533 0 0 
3045 728 530 900 530 3 1 530 0 0 
3050 733 522 900 522 3 1 522 0 0 
3055 737 518 900 518 3 1 518 0 0 
3060 742 515 900 515 3 1 515 0 0 
3065 746 515 900 515 3 1 515 0 0 
3070 752 507 903 507 3 1 507 0 0 
3075 756 503 903 503 3 1 503 0 0 
3080 762 500 900 500 3 1 500 0 0 
3085 765 495 903 495 3 1 495 0 0 
3090 771 488 900 488 3 1 488 0 0 
3095 774 480 900 480 3 1 480 0 0 
3100 780 477 903 477 3 1 477 0 0 
3105 783 470 893 470 3 1 470 0 0 
3110 789 462 878 462 3 1 462 0 0 
3115 792 458 855 458 3 1 458 0 0 
3120 798 450 835 450 3 1 450 0 0 
3125 801 450 815 450 3 1 450 0 0 
3130 805 447 795 447 3 1 447 0 0 
3135 809 447 773 447 3 1 447 0 0 
3140 812 450 750 450 3 1 450 0 0 
3145 818 455 730 455 3 1 455 0 0 
3150 821 462 703 462 3 1 462 0 0 
3155 825 462 685 462 3 1 462 0 0 
3160 827 462 665 462 3 1 462 0 0 
3165 830 458 643 458 3 1 458 0 0 
3170 834 450 620 450 3 1 450 0 0 
3175 838 440 600 440 3 1 440 0 0 
3180 839 428 580 428 3 1 428 0 0 
3185 843 417 563 417 3 1 417 0 0 
3190 847 402 535 402 3 1 402 0 0 
3195 849 395 515 395 3 1 395 0 0 
3200 850 390 493 390 3 1 390 0 0 
3205 852 387 480 387 3 1 387 0 0 
3210 856 383 448 383 3 1 383 0 0 
3215 858 380 423 380 3 1 380 0 0 
3220 859 375 408 375 3 1 375 0 0 
3225 861 375 390 375 3 1 375 0 0 
3230 865 368 355 368 3 1 368 0 0 
3235 867 365 340 365 3 1 365 0 0 
3240 867 353 315 353 3 1 353 0 0 
3245 869 345 288 345 3 1 345 0 0 
3250 870 335 275 335 3 1 335 0 0 
3255 872 323 258 323 3 1 323 0 0 
3260 872 312 233 312 3 1 312 0 0 
3265 874 300 218 300 3 1 300 0 0 
3270 876 285 200 285 3 1 285 0 0 
3275 876 270 193 270 3 1 270 0 0 
3280 878 260 180 260 3 1 260 0 0 
3285 878 245 173 245 3 1 245 0 0 
3290 879 233 158 233 3 1 233 0 0 
3295 879 215 148 215 3 1 215 0 0 
3300 879 200 143 200 3 1 200 0 0 
3305 881 185 130 185 3 1 185 0 0 
3310 881 165 115 165 3 1 165 0 0 
3315 881 155 103 155 3 1 155 0 0 
3320 883 143 100 143 3 1 143 0 0 
3325 883 132 90 132 3 1 132 0 0 
3330 883 120 80 120 3 1 120 0 0 
3335 883 113 80 113 3 1 113 0 0 
3340 883 105 78 105 3 1 105 0 0 
3345 885 95 70 95 3 1 95 0 0 
3350 885 80 65 80 3 1 80 0 0 
3355 885 68 58 68 3 1 68 0 0 
3360 885 50 50 50 3 1 50 0 0 
3365 885 27 38 27 3 1 27 0 0 
3370 887 0 13 0 3 1 0 0 0 
3375 885 -23 0 -23 3 1 -23 0 0 
3380 885 -53 -10 -53 3 1 -53 0 0 
3385 885 -80 -40 -80 3 1 -80 0 0 
3390 887 -105 -80 -105 3 1 -105 0 0 
3395 885 -128 -118 -128 3 1 -128 0 0 
3400 885 -150 -165 -150 3 1 -150 0 0 
3405 885 -170 -205 -170 3 1 -170 0 0 
3410 883 -188 -260 -188 3 1 -188 0 0 
3415 881 -200 -305 -200 3 1 -200 0 0 
3420 879 -207 -358 -207 3 1 -207 0 0 
3425 878 -215 -415 -215 3 1 -215 0 0 
3430 876 -222 -485 -222 3 1 -222 0 0 
3435 874 -225 -545 -225 3 1 -225 0 0 
3440 870 -233 -613 -233 4 1 -233 0 0 
3445 869 -240 -683 -240 4 1 -240 0 0 
3450 865 -252 -743 -252 4 1 -252 0 0 
3455 859 -263 -810 -263 4 1 -263 0 0 
3460 856 -278 -855 -278 4 1 -278 0 0 
3465 852 -293 -878 -293 4 1 -293 0 0 
3470 849 -312 -890 -312 4 1 -312 0 0 
3475 843 -335 -900 -335 4 1 -335 0 0 
3480 838 -357 -900 -357 4 1 -357 0 0 
3485 834 -383 -900 -383 4 1 -383 0 0 
3490 829 -410 -900 -410 4 1 -410 0 0 
3495 825 -455 -895 -455 4 1 -455 0 0 
3500 820 -492 -900 -492 4 1 -492 0 0 
3505 816 -530 -900 -530 4 1 -530 0 0 
3510 810 -567 -900 -567 4 1 -567 0 0 
3515 805 -612 -895 -612 4 1 -612 0 0 
3520 801 -642 -900 -642 4 1 -642 0 0 
3525 798 -668 -900 -668 4 1 -668 0 0 
3530 792 -687 -900 -687 4 1 -687 0 0 
3535 789 -698 -895 -698 4 1 -698 0 0 
3540 783 -702 -900 -702 4 1 -702 0 0 
3545 780 -698 -895 -698 4 1 -698 0 0 
3550 774 -687 -900 -687 4 1 -687 0 0 
3555 769 -675 -900 -675 4 1 -675 0 0 
3560 765 -672 -895 -672 4 1 -672 0 0 
3565 760 -672 -900 -672 4 1 -672 0 0 
3570 758 -672 -900 -672 4 1 -672 0 0 
3575 750 -683 -900 -683 4 1 -683 0 0 
3580 746 -698 -900 -698 4 1 -698 0 0 
3585 742 -713 -900 -713 4 1 -713 0 0 
3590 737 -725 -895 -725 4 1 -725 0 0 
3595 733 -743 -900 -743 4 1 -743 0 0 
3600 728 -758 -900 -758 4 1 -758 0 0 
3605 724 -770 -895 -770 4 1 -770 0 0 
3610 719 -780 -900 -780 4 1 -780 0 0 
3615 713 -785 -895 -785 4 1 -785 0 0 
3620 710 -785 -895 -785 4 1 -785 0 0 
3625 706 -780 -900 -780 4 1 -780 0 0 
3630 702 -773 -900 -773 4 1 -773 0 0 
3635 697 -770 -900 -770 4 1 -770 0 0 
3640 693 -762 -895 -762 4 1 -762 0 0 
3645 688 -762 -900 -762 4 1 -762 0 0 
3650 684 -762 -895 -762 4 1 -762 0 0 
3655 679 -765 -895 -765 4 1 -765 0 0 
3660 675 -770 -900 -770 4 1 -770 0 0 
3665 670 -773 -900 -773 4 1 -773 0 0 
3670 666 -777 -895 -777 4 1 -777 0 0 
3675 663 -780 -900 -780 4 1 -780 0 0 
3680 657 -780 -895 -780 4 1 -780 0 0 
3685 654 -777 -900 -777 4 1 -777 0 0 
3690 648 -773 -900 -773 4 1 -773 0 0 
3695 643 -765 -895 -765 4 1 -765 0 0 
3700 639 -762 -900 -762 4 1 -762 0 0 
3705 634 -755 -900 -755 4 1 -755 0 0 
3710 630 -747 -900 -747 4 1 -747 0 0 
3715 624 -740 -895 -740 4 1 -740 0 0 
3720 621 -735 -895 -735 4 1 -735 0 0 
3725 617 -732 -900 -732 4 1 -732 0 0 
3730 612 -728 -900 -728 4 1 -728 0 0 
3735 608 -728 -895 -728 4 1 -728 0 0 
3740 603 -728 -895 -728 4 1 -728 0 0 
3745 599 -728 -900 -728 4 1 -728 0 0 
3750 594 -728 -895 -728 4 1 -728 0 0 
3755 590 -725 -900 -725 4 1 -725 0 0 
3760 585 -720 -900 -720 4 1 -720 0 0 
3765 581 -717 -900 -717 4 1 -717 0 0 
3770 576 -713 -900 -713 4 1 -713 0 0 
3775 572 -702 -895 -702 4 1 -702 0 0 
3780 568 -698 -900 -698 4 1 -698 0 0 
3785 563 -690 -895 -690 4 1 -690 0 0 
3790 559 -687 -900 -687 4 1 -687 0 0 
3795 554 -683 -900 -683 4 1 -683 0 0 
3800 548 -680 -900 -680 4 1 -680 0 0 
3805 545 -675 -900 -675 4 1 -675 0 0 
3810 539 -668 -900 -668 4 1 -668 0 0 
3815 536 -665 -900 -665 4 1 -665 0 0 
3820 532 -657 -900 -657 4 1 -657 0 0 
3825 526 -653 -900 -653 4 1 -653 0 0 
3830 522 -645 -900 -645 4 1 -645 0 0 
3835 516 -638 -900 -638 4 1 -638 0 0 
3840 513 -630 -900 -630 4 1 -630 0 0 
3845 507 -627 -900 -627 4 1 -627 0 0 
3850 504 -620 -900 -620 4 1 -620 0 0 
3855 498 -615 -900 -615 4 1 -615 0 0 
3860 495 -608 -900 -608 4 1 -608 0 0 
3865 491 -605 -900 -605 4 1 -605 0 0 
3870 486 -600 -900 -600 4 1 -600 0 0 
3875 480 -593 -900 -593 4 1 -593 0 0 
3880 477 -585 -895 -585 4 1 -585 0 0 
3885 473 -582 -900 -582 4 1 -582 0 0 
3890 468 -575 -895 -575 4 1 -575 0 0 
3895 464 -567 -895 -567 4 1 -567 0 0 
3900 458 -563 -900 -563 4 1 -563 0 0 
3905 455 -560 -900 -560 4 1 -560 0 0 
3910 451 -552 -900 -552 4 1 -552 0 0 
3915 444 -548 -895 -548 4 1 -548 0 0 
3920 440 -545 -895 -545 4 1 -545 0 0 
3925 437 -540 -900 -540 4 1 -540 0 0 
3930 433 -540 -900 -540 4 1 -540 0 0 
3935 428 -537 -895 -537 4 1 -537 0 0 
3940 424 -533 -900 -533 4 1 -533 0 0 
3945 419 -530 -895 -530 4 1 -530 0 0 
3950 415 -525 -900 -525 4 1 -525 0 0 
3955 409 -518 -900 -518 4 1 -518 0 0 
3960 406 -510 -900 -510 4 1 -510 0 0 
3965 402 -503 -900 -503 4 1 -503 0 0 
3970 397 -495 -900 -495 4 1 -495 0 0 
3975 391 -488 -900 -488 4 1 -488 0 0 
3980 388 -480 -900 -480 4 1 -480 0 0 
3985 384 -473 -895 -473 4 1 -473 0 0 
3990 379 -470 -900 -470 4 1 -470 0 0 
3995 375 -462 -900 -462 4 1 -462 0 0 
4000 370 -455 -900 -455 4 1 -455 0 0 
4005 366 -450 -900 -450 4 1 -450 0 0 
4010 362 -443 -900 -443 4 1 -443 0 0 
4015 357 -432 -900 -432 4 1 -432 0 0 
4020 353 -425 -900 -425 4 1 -425 0 0 
4025 348 -417 -900 -417 4 1 -417 0 0 
4030 344 -405 -900 -405 4 1 -405 0 0 
4035 339 -402 -900 -402 4 1 -402 0 0 
4040 335 -390 -900 -390 4 1 -390 0 0 
4045 330 -383 -900 -383 4 1 -383 0 0 
4050 326 -372 -900 -372 4 1 -372 0 0 
4055 321 -360 -895 -360 4 1 -360 0 0 
4060 317 -353 -900 -353 4 1 -353 0 0 
4065 313 -345 -900 -345 4 1 -345 0 0 
4070 308 -335 -900 -335 4 1 -335 0 0 
4075 303 -323 -900 -323 4 1 -323 0 0 
4080 298 -315 -900 -315 4 1 -315 0 0 
4085 294 -308 -895 -308 4 1 -308 0 0 
4090 289 -297 -900 -297 4 1 -297 0 0 
4095 285 -282 -900 -282 4 1 -282 0 0 
4100 280 -275 -900 -275 4 1 -275 0 0 
4105 276 -263 -900 -263 4 1 -263 0 0 
4110 272 -248 -900 -248 4 1 -248 0 0 
4115 267 -237 -893 -237 4 1 -237 0 0 
4120 262 -230 -878 -230 4 1 -230 0 0 
4125 258 -218 -860 -218 4 1 -218 0 0 
4130 254 -207 -838 -207 4 1 -207 0 0 
4135 249 -195 -815 -195 4 1 -195 0 0 
4140 245 -188 -795 -188 4 1 -188 0 0 
4145 242 -185 -773 -185 4 1 -185 0 0 
4150 238 -180 -755 -180 4 1 -180 0 0 
4155 234 -177 -733 -177 4 1 -177 0 0 
4160 231 -173 -708 -173 4 1 -173 0 0 
4165 227 -170 -698 -170 4 1 -170 0 0 
4170 223 -165 -670 -165 4 1 -165 0 0 
4175 220 -158 -650 -158 4 1 -158 0 0 
4180 218 -150 -630 -150 4 1 -150 0 0 
4185 214 -143 -608 -143 4 1 -143 0 0 
4190 213 -132 -588 -132 4 1 -132 0 0 
4195 209 -117 -565 -117 4 1 -117 0 0 
4200 205 -98 -548 -98 4 1 -98 0 0 
4205 204 -83 -528 -83 4 1 -83 0 0 
4210 202 -68 -510 -68 4 1 -68 0 0 
4215 198 -45 -485 -45 4 1 -45 0 0 
4220 196 -30 -460 -30 4 1 -30 0 0 
4225 194 -12 -438 -12 4 1 -12 0 0 
4230 191 0 -428 0 4 1 0 0 0 
4235 189 15 -398 15 4 1 15 0 0 
4240 187 27 -380 27 4 1 27 0 0 
4245 185 42 -355 42 4 1 42 0 0 
4250 184 53 -333 53 4 1 53 0 0 
4255 182 72 -310 72 4 1 72 0 0 
4260 182 83 -285 83 4 1 83 0 0 
4265 180 102 -260 102 4 1 102 0 0 
4270 178 117 -228 117 4 1 117 0 0 
4275 176 143 -183 143 4 1 143 0 0 
4280 176 162 -145 162 4 1 162 0 0 
4285 176 185 -95 185 4 1 185 0 0 
4290 176 210 -48 210 4 1 210 0 0 
4295 176 237 0 237 4 1 237 0 0 
4300 176 260 15 260 4 1 260 0 0 
4305 176 285 70 285 4 1 285 0 0 
4310 176 305 143 305 4 1 305 0 0 
4315 176 323 233 323 4 1 323 0 0 
4320 178 342 305 342 4 1 342 0 0 
4325 180 350 380 350 4 1 350 0 0 
4330 182 360 455 360 4 1 360 0 0 
4335 184 360 545 360 4 1 360 0 0 
4340 187 353 618 353 4 1 353 0 0 
4345 191 345 698 345 5 1 345 0 0 
4350 193 330 783 330 5 1 330 0 0 
4355 198 320 873 320 5 1 320 0 0 
4360 202 315 893 315 5 1 315 0 0 
4365 207 315 903 315 5 1 315 0 0 
4370 211 315 903 315 5 1 315 0 0 
4375 216 327 900 327 5 1 327 0 0 
4380 220 345 900 345 5 1 345 0 0 
4385 225 372 900 372 5 1 372 0 0 
4390 229 405 900 405 5 1 405 0 0 
4395 234 462 903 462 5 1 462 0 0 
4400 238 507 903 507 5 1 507 0 0 
4405 243 552 900 552 5 1 552 0 0 
4410 247 593 900 593 5 1 593 0 0 
4415 253 635 900 635 5 1 635 0 0 
4420 258 657 903 657 5 1 657 0 0 
4425 262 675 900 675 5 1 675 0 0 
4430 265 680 900 680 5 1 680 0 0 
4435 271 672 900 672 5 1 672 0 0 
4440 274 653 903 653 5 1 653 0 0 
4445 280 635 903 635 5 1 635 0 0 
4450 283 612 900 612 5 1 612 0 0 
4455 289 590 900 590 5 1 590 0 0 
4460 294 575 903 575 5 1 575 0 0 
4465 298 567 900 567 5 1 567 0 0 
4470 303 563 900 563 5 1 563 0 0 
4475 308 567 903 567 5 1 567 0 0 
4480 313 575 900 575 5 1 575 0 0 
4485 317 582 900 582 5 1 582 0 0 
4490 322 597 900 597 5 1 597 0 0 
4495 328 612 900 612 5 1 612 0 0 
4500 331 623 903 623 5 1 623 0 0 
4505 335 630 900 630 5 1 630 0 0 
4510 339 638 900 638 5 1 638 0 0 
4515 344 642 903 642 5 1 642 0 0 
4520 350 642 900 642 5 1 642 0 0 
4525 353 638 900 638 5 1 638 0 0 
4530 357 638 903 638 5 1 638 0 0 
4535 362 630 900 630 5 1 630 0 0 
4540 368 627 903 627 5 1 627 0 0 
4545 371 623 900 623 5 1 623 0 0 
4550 375 620 900 620 5 1 620 0 0 
4555 382 615 903 615 5 1 615 0 0 
4560 386 620 900 620 5 1 620 0 0 
4565 390 620 900 620 5 1 620 0 0 
4570 395 623 900 623 5 1 623 0 0 
4575 399 627 900 627 5 1 627 0 0 
4580 402 635 900 635 5 1 635 0 0 
4585 408 638 900 638 5 1 638 0 0 
4590 411 642 903 642 5 1 642 0 0 
4595 417 645 900 645 5 1 645 0 0 
4600 422 645 900 645 5 1 645 0 0 
4605 426 650 900 650 5 1 650 0 0 
4610 429 650 900 650 5 1 650 0 0 
4615 435 650 900 650 5 1 650 0 0 
4620 440 645 903 645 5 1 645 0 0 
4625 444 645 900 645 5 1 645 0 0 
4630 448 645 903 645 5 1 645 0 0 
4635 453 642 900 642 5 1 642 0 0 
4640 458 642 900 642 5 1 642 0 0 
4645 462 638 900 638 5 1 638 0 0 
4650 468 638 900 638 5 1 638 0 0 
4655 471 635 900 635 5 1 635 0 0 
4660 475 635 900 635 5 1 635 0 0 
4665 480 635 900 635 5 1 635 0 0 
4670 484 635 903 635 5 1 635 0 0 
4675 489 635 903 635 5 1 635 0 0 
4680 493 635 900 635 5 1 635 0 0 
4685 498 638 900 638 5 1 638 0 0 
4690 502 638 900 638 5 1 638 0 0 
4695 507 638 903 638 5 1 638 0 0 
4700 511 642 900 642 5 1 642 0 0 
4705 516 638 900 638 5 1 638 0 0 
4710 522 638 903 638 5 1 638 0 0 
4715 526 638 903 638 5 1 638 0 0 
4720 532 638 903 638 5 1 638 0 0 
4725 536 638 903 638 5 1 638 0 0 
4730 539 638 903 638 5 1 638 0 0 
4735 545 635 900 635 5 1 635 0 0 
4740 548 635 900 635 5 1 635 0 0 
4745 554 630 903 630 5 1 630 0 0 
4750 557 630 903 630 5 1 630 0 0 
4755 563 627 900 627 5 1 627 0 0 
4760 568 630 900 630 5 1 630 0 0 
4765 572 627 900 627 5 1 627 0 0 
4770 576 627 900 627 5 1 627 0 0 
4775 581 627 900 627 5 1 627 0 0 
4780 586 627 900 627 5 1 627 0 0 
4785 590 623 900 623 5 1 623 0 0 
4790 594 623 903 623 5 1 623 0 0 
4795 599 620 903 620 5 1 620 0 0 
4800 603 615 900 615 5 1 615 0 0 
4805 608 615 900 615 5 1 615 0 0 
4810 614 615 900 615 5 1 615 0 0 
4815 617 612 903 612 5 1 612 0 0 
4820 623 608 900 608 5 1 608 0 0 
4825 626 608 903 608 5 1 608 0 0 
4830 630 608 900 608 5 1 608 0 0 
4835 635 605 900 605 5 1 605 0 0 
4840 641 605 903 605 5 1 605 0 0 
4845 644 600 900 600 5 1 600 0 0 
4850 648 597 903 597 5 1 597 0 0 
4855 654 593 900 593 5 1 593 0 0 
4860 657 590 903 590 5 1 590 0 0 
4865 663 585 900 585 5 1 585 0 0 
4870 666 582 900 582 5 1 582 0 0 
4875 672 575 903 575 5 1 575 0 0 
4880 677 570 900 570 5 1 570 0 0 
4885 681 567 903 567 5 1 567 0 0 
4890 684 563 903 563 5 1 563 0 0 
4895 690 560 900 560 5 1 560 0 0 
4900 693 555 903 555 5 1 555 0 0 
4905 699 552 900 552 5 1 552 0 0 
4910 702 548 903 548 5 1 548 0 0 
4915 708 545 900 545 5 1 545 0 0 
4920 712 545 903 545 5 1 545 0 0 
4925 715 540 903 540 5 1 540 0 0 
4930 721 533 903 533 5 1 533 0 0 
4935 726 525 903 525 5 1 525 0 0 
4940 730 522 900 522 5 1 522 0 0 
4945 733 515 903 515 5 1 515 0 0 
4950 739 507 903 507 5 1 507 0 0 
4955 742 503 900 503 5 1 503 0 0 
4960 748 495 900 495 5 1 495 0 0 
4965 752 492 900 492 5 1 492 0 0 
4970 758 485 900 485 5 1 485 0 0 
4975 762 477 900 477 5 1 477 0 0 
4980 767 470 903 470 5 1 470 0 0 
4985 771 462 900 462 5 1 462 0 0 
4990 776 455 903 455 5 1 455 0 0 
4995 780 447 900 447 5 1 447 0 0 
5000 785 440 890 440 5 1 440 0 0 
5005 789 428 878 428 5 1 428 0 0 
5010 792 425 853 425 5 1 425 0 0 
5015 798 413 830 413 5 1 413 0 0 
5020 803 405 808 405 5 1 405 0 0 
5025 807 402 788 402 5 1 402 0 0 
5030 809 402 765 402 5 1 402 0 0 
5035 814 405 748 405 5 1 405 0 0 
5040 818 410 720 410 5 1 410 0 0 
5045 821 413 703 413 5 1 413 0 0 
5050 823 410 683 410 5 1 410 0 0 
5055 829 405 660 405 5 1 405 0 0 
5060 832 402 643 402 5 1 402 0 0 
5065 834 390 618 390 5 1 390 0 0 
5070 838 380 598 380 5 1 380 0 0 
5075 839 360 578 360 5 1 360 0 0 
5080 843 345 560 345 5 1 345 0 0 
5085 847 330 533 330 5 1 330 0 0 
5090 849 320 508 320 5 1 320 0 0 
5095 850 308 493 308 5 1 308 0 0 
5100 854 300 470 300 5 1 300 0 0 
5105 856 290 443 290 5 1 290 0 0 
5110 858 285 423 285 5 1 285 0 0 
5115 859 282 408 282 5 1 282 0 0 
5120 863 275 390 275 5 1 275 0 0 
5125 865 270 368 270 5 1 270 0 0 
5130 865 260 338 260 5 1 260 0 0 
5135 867 252 318 252 5 1 252 0 0 
5140 869 240 280 240 5 1 240 0 0 
5145 870 233 270 233 5 1 233 0 0 
5150 870 225 248 225 5 1 225 0 0 
5155 872 215 235 215 5 1 215 0 0 
5160 874 203 218 203 5 1 203 0 0 
5165 874 195 210 195 5 1 195 0 0 
5170 876 185 195 185 5 1 185 0 0 
5175 876 177 185 177 5 1 177 0 0 
5180 878 165 170 165 5 1 165 0 0 
5185 879 155 155 155 5 1 155 0 0 
5190 879 147 145 147 5 1 147 0 0 
5195 879 135 143 135 5 1 135 0 0 
5200 881 120 133 120 5 1 120 0 0 
5205 881 110 123 110 5 1 110 0 0 
5210 883 98 110 98 5 1 98 0 0 
5215 883 87 100 87 5 1 87 0 0 
5220 883 75 93 75 5 1 75 0 0 
5225 883 65 80 65 5 1 65 0 0 
5230 883 53 78 53 5 1 53 0 0 
5235 885 45 68 45 5 1 45 0 0 
5240 885 35 63 35 5 1 35 0 0 
5245 885 27 58 27 5 1 27 0 0 
5250 885 15 53 15 5 1 15 0 0 
5255 885 5 43 5 5 1 5 0 0 
5260 885 -8 30 -8 5 1 -8 0 0 
5265 885 -23 15 -23 5 1 -23 0 0 
5270 887 -35 0 -35 5 1 -35 0 0 
5275 885 -50 -3 -50 5 1 -50 0 0 
5280 885 -65 -25 -65 5 1 -65 0 0 
5285 885 -80 -50 -80 5 1 -80 0 0 
5290 885 -90 -78 -90 5 1 -90 0 0 
5295 885 -102 -108 -102 5 1 -102 0 0 
5300 885 -120 -145 -120 5 1 -120 0 0 
5305 883 -135 -185 -135 5 1 -135 0 0 
5310 883 -147 -220 -147 5 1 -147 0 0 
5315 881 -155 -263 -155 5 1 -155 0 0 
5320 879 -165 -313 -165 5 1 -165 0 0 
5325 878 -173 -358 -173 5 1 -173 0 0 
5330 878 -180 -405 -180 5 1 -180 0 0 
5335 876 -188 -458 -188 5 1 -188 0 0 
5340 872 -195 -523 -195 6 1 -195 0 0 
5345 870 -203 -578 -203 6 1 -203 0 0 
5350 867 -207 -640 -207 6 1 -207 0 0 
5355 863 -218 -705 -218 6 1 -218 0 0 
5360 859 -225 -785 -225 6 1 -225 0 0 
5365 856 -237 -853 -237 6 1 -237 0 0 
5370 852 -240 -893 -240 6 1 -240 0 0 
5375 849 -252 -900 -252 6 1 -252 0 0 
5380 843 -260 -900 -260 6 1 -260 0 0 
5385 838 -270 -900 -270 6 1 -270 0 0 
5390 834 -282 -895 -282 6 1 -282 0 0 
5395 829 -297 -900 -297 6 1 -297 0 0 
5400 825 -320 -900 -320 6 1 -320 0 0 
5405 821 -345 -895 -345 6 1 -345 0 0 
5410 816 -380 -900 -380 6 1 -380 0 0 
5415 812 -405 -900 -405 6 1 -405 0 0 
5420 807 -443 -895 -443 6 1 -443 0 0 
5425 801 -473 -900 -473 6 1 -473 0 0 
5430 798 -495 -895 -495 6 1 -495 0 0 
5435 794 -515 -895 -515 6 1 -515 0 0 
5440 789 -525 -900 -525 6 1 -525 0 0 
5445 785 -530 -900 -530 6 1 -530 0 0 
5450 781 -525 -900 -525 6 1 -525 0 0 
5455 776 -515 -900 -515 6 1 -515 0 0 
5460 771 -503 -895 -503 6 1 -503 0 0 
5465 767 -485 -900 -485 6 1 -485 0 0 
5470 762 -477 -895 -477 6 1 -477 0 0 
5475 758 -470 -900 -470 6 1 -470 0 0 
5480 752 -470 -900 -470 6 1 -470 0 0 
5485 748 -473 -900 -473 6 1 -473 0 0 
5490 742 -485 -900 -485 6 1 -485 0 0 
5495 739 -500 -895 -500 6 1 -500 0 0 
5500 733 -515 -900 -515 6 1 -515 0 0 
5505 730 -525 -900 -525 6 1 -525 0 0 
5510 724 -537 -900 -537 6 1 -537 0 0 
5515 721 -540 -895 -540 6 1 -540 0 0 
5520 715 -548 -900 -548 6 1 -548 0 0 
5525 712 -548 -900 -548 6 1 -548 0 0 
5530 708 -548 -900 -548 6 1 -548 0 0 
5535 702 -548 -895 -548 6 1 -548 0 0 
5540 699 -545 -895 -545 6 1 -545 0 0 
5545 693 -545 -900 -545 6 1 -545 0 0 
5550 690 -548 -900 -548 6 1 -548 0 0 
5555 686 -548 -900 -548 6 1 -548 0 0 
5560 681 -555 -900 -555 6 1 -555 0 0 
5565 677 -560 -895 -560 6 1 -560 0 0 
5570 672 -563 -900 -563 6 1 -563 0 0 
5575 668 -563 -900 -563 6 1 -563 0 0 
5580 663 -567 -900 -567 6 1 -567 0 0 
5585 657 -570 -900 -570 6 1 -570 0 0 
5590 654 -570 -895 -570 6 1 -570 0 0 
5595 650 -567 -895 -567 6 1 -567 0 0 
5600 644 -563 -900 -563 6 1 -563 0 0 
5605 641 -563 -900 -563 6 1 -563 0 0 
5610 635 -560 -900 -560 6 1 -560 0 0 
5615 632 -555 -900 -555 6 1 -555 0 0 
5620 626 -552 -900 -552 6 1 -552 0 0 
5625 621 -552 -900 -552 6 1 -552 0 0 
5630 619 -552 -895 -552 6 1 -552 0 0 
5635 614 -552 -900 -552 6 1 -552 0 0 
5640 608 -552 -895 -552 6 1 -552 0 0 
5645 605 -552 -900 -552 6 1 -552 0 0 
5650 599 -555 -900 -555 6 1 -555 0 0 
5655 595 -555 -900 -555 6 1 -555 0 0 
5660 590 -555 -895 -555 6 1 -555 0 0 
5665 586 -555 -900 -555 6 1 -555 0 0 
5670 583 -555 -900 -555 6 1 -555 0 0 
5675 577 -552 -900 -552 6 1 -552 0 0 
5680 572 -552 -900 -552 6 1 -552 0 0 
5685 568 -552 -895 -552 6 1 -552 0 0 
5690 565 -548 -900 -548 6 1 -548 0 0 
5695 561 -545 -895 -545 6 1 -545 0 0 
5700 556 -540 -900 -540 6 1 -540 0 0 
5705 552 -540 -900 -540 6 1 -540 0 0 
5710 547 -533 -900 -533 6 1 -533 0 0 
5715 543 -530 -900 -530 6 1 -530 0 0 
5720 537 -522 -900 -522 6 1 -522 0 0 
5725 532 -518 -900 -518 6 1 -518 0 0 
5730 527 -510 -900 -510 6 1 -510 0 0 
5735 524 -507 -895 -507 6 1 -507 0 0 
5740 518 -500 -900 -500 6 1 -500 0 0 
5745 513 -495 -900 -495 6 1 -495 0 0 
5750 509 -495 -900 -495 6 1 -495 0 0 
5755 506 -492 -895 -492 6 1 -492 0 0 
5760 500 -488 -900 -488 6 1 -488 0 0 
5765 497 -488 -900 -488 6 1 -488 0 0 
5770 493 -485 -900 -485 6 1 -485 0 0 
5775 487 -480 -900 -480 6 1 -480 0 0 
5780 482 -480 -900 -480 6 1 -480 0 0 
5785 478 -477 -895 -477 6 1 -477 0 0 
5790 475 -473 -895 -473 6 1 -473 0 0 
5795 471 -465 -895 -465 6 1 -465 0 0 
5800 466 -458 -895 -458 6 1 -458 0 0 
5805 460 -455 -900 -455 6 1 -455 0 0 
5810 457 -447 -895 -447 6 1 -447 0 0 
5815 453 -443 -900 -443 6 1 -443 0 0 
5820 448 -440 -900 -440 6 1 -440 0 0 
5825 442 -435 -895 -435 6 1 -435 0 0 
5830 439 -432 -900 -432 6 1 -432 0 0 
5835 435 -428 -900 -428 6 1 -428 0 0 
5840 429 -425 -895 -425 6 1 -425 0 0 
5845 426 -420 -900 -420 6 1 -420 0 0 
5850 420 -417 -900 -417 6 1 -417 0 0 
5855 417 -410 -895 -410 6 1 -410 0 0 
5860 411 -402 -900 -402 6 1 -402 0 0 
5865 408 -402 -900 -402 6 1 -402 0 0 
5870 404 -395 -900 -395 6 1 -395 0 0 
5875 399 -387 -900 -387 6 1 -387 0 0 
5880 393 -380 -900 -380 6 1 -380 0 0 
5885 390 -372 -895 -372 6 1 -372 0 0 
5890 386 -368 -900 -368 6 1 -368 0 0 
5895 380 -360 -900 -360 6 1 -360 0 0 
5900 375 -357 -895 -357 6 1 -357 0 0 
5905 371 -350 -900 -350 6 1 -350 0 0 
5910 368 -345 -900 -345 6 1 -345 0 0 
5915 364 -342 -895 -342 6 1 -342 0 0 
5920 359 -335 -895 -335 6 1 -335 0 0 
5925 353 -330 -900 -330 6 1 -330 0 0 
5930 350 -327 -900 -327 6 1 -327 0 0 
5935 346 -320 -900 -320 6 1 -320 0 0 
5940 341 -312 -900 -312 6 1 -312 0 0 
5945 337 -305 -895 -305 6 1 -305 0 0 
5950 331 -300 -900 -300 6 1 -300 0 0 
5955 328 -293 -900 -293 6 1 -293 0 0 
5960 322 -285 -895 -285 6 1 -285 0 0 
5965 319 -278 -895 -278 6 1 -278 0 0 
5970 315 -275 -900 -275 6 1 -275 0 0 
5975 310 -263 -900 -263 6 1 -263 0 0 
5980 306 -252 -900 -252 6 1 -252 0 0 
5985 301 -245 -900 -245 6 1 -245 0 0 
5990 296 -240 -895 -240 6 1 -240 0 0 
5995 292 -230 -895 -230 6 1 -230 0 0 
6000 287 -218 -900 -218 6 1 -218 0 0 
6005 282 -207 -900 -207 6 1 -207 0 0 
6010 278 -195 -900 -195 6 1 -195 0 0 
6015 274 -185 -900 -185 6 1 -185 0 0 
6020 269 -173 -895 -173 6 1 -173 0 0 
6025 265 -162 -883 -162 6 1 -162 0 0 
6030 260 -155 -865 -155 6 1 -155 0 0 
6035 256 -143 -850 -143 6 1 -143 0 0 
6040 251 -132 -825 -132 6 1 -132 0 0 
6045 247 -128 -803 -128 6 1 -128 0 0 
6050 243 -120 -783 -120 6 1 -120 0 0 
6055 240 -113 -763 -113 6 1 -113 0 0 
6060 236 -105 -748 -105 6 1 -105 0 0 
6065 233 -102 -723 -102 6 1 -102 0 0 
6070 229 -98 -708 -98 6 1 -98 0 0 
6075 225 -90 -683 -90 6 1 -90 0 0 
6080 223 -80 -660 -80 6 1 -80 0 0 
6085 220 -68 -645 -68 6 1 -68 0 0 
6090 216 -50 -625 -50 6 1 -50 0 0 
6095 214 -30 -598 -30 6 1 -30 0 0 
6100 211 -5 -578 -5 6 1 -5 0 0 
6105 207 20 -560 20 6 1 20 0 0 
6110 205 42 -535 42 6 1 42 0 0 
6115 202 65 -510 65 6 1 65 0 0 
6120 200 90 -475 90 6 1 90 0 0 
6125 198 113 -448 113 6 1 113 0 0 
6130 196 135 -415 135 6 1 135 0 0 
6135 193 158 -380 158 6 1 158 0 0 
6140 193 177 -333 177 6 1 177 0 0 
6145 191 195 -285 195 6 1 195 0 0 
6150 189 215 -235 215 6 1 215 0 0 
6155 187 233 -175 233 6 1 233 0 0 
6160 187 255 -105 255 6 1 255 0 0 
6165 187 275 -43 275 6 1 275 0 0 
6170 187 290 0 290 6 1 290 0 0 
6175 187 305 15 305 6 1 305 0 0 
6180 185 315 90 315 6 1 315 0 0 
6185 187 323 173 323 6 1 323 0 0 
6190 187 330 253 330 6 1 330 0 0 
6195 189 338 338 338 6 1 338 0 0 
6200 193 353 443 353 6 1 353 0 0 
6205 194 360 525 360 6 1 360 0 0 
6210 196 365 615 365 6 1 365 0 0 
6215 198 365 710 365 6 1 365 0 0 
6220 204 365 830 365 7 1 365 0 0 
6225 207 365 888 365 7 1 365 0 0 
6230 213 365 903 365 7 1 365 0 0 
6235 216 368 903 368 7 1 368 0 0 
6240 222 372 900 372 7 1 372 0 0 
6245 225 380 900 380 7 1 380 0 0 
6250 231 395 900 395 7 1 395 0 0 
6255 234 425 900 425 7 1 425 0 0 
6260 240 477 900 477 7 1 477 0 0 
6265 243 530 900 530 7 1 530 0 0 
6270 247 582 903 582 7 1 582 0 0 
6275 253 630 900 630 7 1 630 0 0 
6280 258 683 900 683 7 1 683 0 0 
6285 262 710 900 710 7 1 710 0 0 
6290 265 728 900 728 7 1 728 0 0 
6295 271 740 900 740 7 1 740 0 0 
6300 276 732 900 732 7 1 732 0 0 
6305 280 713 900 713 7 1 713 0 0 
6310 283 695 900 695 7 1 695 0 0 
6315 289 672 900 672 7 1 672 0 0 
6320 294 650 900 650 7 1 650 0 0 
6325 298 635 900 635 7 1 635 0 0 
6330 303 627 900 627 7 1 627 0 0 
6335 308 627 903 627 7 1 627 0 0 
6340 313 635 900 635 7 1 635 0 0 
6345 317 645 903 645 7 1 645 0 0 
6350 322 657 900 657 7 1 657 0 0 
6355 326 672 900 672 7 1 672 0 0 
6360 331 690 900 690 7 1 690 0 0 
6365 335 702 903 702 7 1 702 0 0 
6370 341 710 900 710 7 1 710 0 0 
6375 344 713 900 713 7 1 713 0 0 
6380 350 717 900 717 7 1 717 0 0 
6385 353 717 900 717 7 1 717 0 0 
6390 359 717 903 717 7 1 717 0 0 
6395 362 713 900 713 7 1 713 0 0 
6400 368 710 903 710 7 1 710 0 0 
6405 371 705 903 705 7 1 705 0 0 
6410 375 702 900 702 7 1 702 0 0 
6415 380 702 903 702 7 1 702 0 0 
6420 386 702 900 702 7 1 702 0 0 
6425 390 702 900 702 7 1 702 0 0 
6430 393 702 900 702 7 1 702 0 0 
6435 399 705 900 705 7 1 705 0 0 
6440 402 710 900 710 7 1 710 0 0 
6445 408 713 900 713 7 1 713 0 0 
6450 411 717 900 717 7 1 717 0 0 
6455 417 720 903 720 7 1 720 0 0 
6460 422 725 900 725 7 1 725 0 0 
6465 426 725 900 725 7 1 725 0 0 
6470 431 728 903 728 7 1 728 0 0 
6475 435 728 900 728 7 1 728 0 0 
6480 440 725 900 725 7 1 725 0 0 
6485 444 725 903 725 7 1 725 0 0 
6490 448 725 903 725 7 1 725 0 0 
6495 453 720 900 720 7 1 720 0 0 
6500 458 720 903 720 7 1 720 0 0 
6505 462 717 900 717 7 1 717 0 0 
6510 466 717 900 717 7 1 717 0 0 
6515 471 717 903 717 7 1 717 0 0 
6520 477 717 900 717 7 1 717 0 0 
6525 480 713 900 713 7 1 713 0 0 
6530 486 713 900 713 7 1 713 0 0 
6535 489 713 900 713 7 1 713 0 0 
6540 493 713 900 713 7 1 713 0 0 
6545 498 717 900 717 7 1 717 0 0 
6550 504 717 903 717 7 1 717 0 0 
6555 507 717 903 717 7 1 717 0 0 
6560 511 717 900 717 7 1 717 0 0 
6565 516 717 903 717 7 1 717 0 0 
6570 520 713 900 713 7 1 713 0 0 
6575 526 713 900 713 7 1 713 0 0 
6580 530 710 903 710 7 1 710 0 0 
6585 536 705 903 705 7 1 705 0 0 
6590 541 702 900 702 7 1 702 0 0 
6595 545 702 900 702 7 1 702 0 0 
6600 548 698 900 698 7 1 698 0 0 
6605 554 695 900 695 7 1 695 0 0 
6610 557 690 900 690 7 1 690 0 0 
6615 563 687 903 687 7 1 687 0 0 
6620 568 683 903 683 7 1 683 0 0 
6625 572 683 900 683 7 1 683 0 0 
6630 576 680 900 680 7 1 680 0 0 
6635 581 680 900 680 7 1 680 0 0 
6640 586 675 900 675 7 1 675 0 0 
6645 590 672 900 672 7 1 672 0 0 
6650 594 672 900 672 7 1 672 0 0 
6655 597 668 900 668 7 1 668 0 0 
6660 603 665 900 665 7 1 665 0 0 
6665 608 660 900 660 7 1 660 0 0 
6670 612 657 900 657 7 1 657 0 0 
6675 615 653 900 653 7 1 653 0 0 
6680 621 653 903 653 7 1 653 0 0 
6685 624 650 900 650 7 1 650 0 0 
6690 630 645 903 645 7 1 645 0 0 
6695 634 642 900 642 7 1 642 0 0 
6700 639 635 903 635 7 1 635 0 0 
6705 643 630 900 630 7 1 630 0 0 
6710 648 627 903 627 7 1 627 0 0 
6715 652 623 900 623 7 1 623 0 0 
6720 657 620 900 620 7 1 620 0 0 
6725 663 615 900 615 7 1 615 0 0 
6730 666 612 900 612 7 1 612 0 0 
6735 670 608 903 608 7 1 608 0 0 
6740 675 605 900 605 7 1 605 0 0 
6745 681 600 900 600 7 1 600 0 0 
6750 684 597 900 597 7 1 597 0 0 
6755 688 590 900 590 7 1 590 0 0 
6760 693 585 900 585 7 1 585 0 0 
6765 697 582 903 582 7 1 582 0 0 
6770 702 575 900 575 7 1 575 0 0 
6775 706 570 900 570 7 1 570 0 0 
6780 710 567 903 567 7 1 567 0 0 
6785 715 563 900 563 7 1 563 0 0 
6790 719 555 903 555 7 1 555 0 0 
6795 722 552 900 552 7 1 552 0 0 
6800 728 545 903 545 7 1 545 0 0 
6805 733 545 903 545 7 1 545 0 0 
6810 737 540 900 540 7 1 540 0 0 
6815 741 533 903 533 7 1 533 0 0 
6820 746 530 900 530 7 1 530 0 0 
6825 752 525 900 525 7 1 525 0 0 
6830 756 522 900 522 7 1 522 0 0 
6835 760 515 903 515 7 1 515 0 0 
6840 765 510 900 510 7 1 510 0 0 
6845 771 503 900 503 7 1 503 0 0 
6850 774 495 900 495 7 1 495 0 0 
6855 778 492 903 492 7 1 492 0 0 
6860 783 485 900 485 7 1 485 0 0 
6865 789 477 878 477 7 1 477 0 0 
6870 792 470 855 470 7 1 470 0 0 
6875 796 465 838 465 7 1 465 0 0 
6880 800 458 813 458 7 1 458 0 0 
6885 805 450 798 450 7 1 450 0 0 
6890 809 447 770 447 7 1 447 0 0 
6895 812 447 755 447 7 1 447 0 0 
6900 816 450 733 450 7 1 450 0 0 
6905 820 450 708 450 7 1 450 0 0 
6910 823 450 693 450 7 1 450 0 0 
6915 827 450 670 450 7 1 450 0 0 
6920 829 447 645 447 7 1 447 0 0 
6925 834 435 625 435 7 1 435 0 0 
6930 836 425 605 425 7 1 425 0 0 
6935 839 413 585 413 7 1 413 0 0 
6940 843 398 565 398 7 1 398 0 0 
6945 845 387 540 387 7 1 387 0 0 
6950 849 375 513 375 7 1 375 0 0 
6955 850 365 498 365 7 1 365 0 0 
6960 852 357 480 357 7 1 357 0 0 
6965 856 350 450 350 7 1 350 0 0 
6970 858 345 433 345 7 1 345 0 0 
6975 859 342 415 342 7 1 342 0 0 
6980 861 335 395 335 7 1 335 0 0 
6985 863 330 368 330 7 1 330 0 0 
6990 865 323 340 323 7 1 323 0 0 
6995 867 315 318 315 7 1 315 0 0 
7000 869 308 298 308 7 1 308 0 0 
7005 870 297 278 297 7 1 297 0 0 
7010 870 290 258 290 7 1 290 0 0 
7015 872 278 235 278 7 1 278 0 0 
7020 874 270 220 270 7 1 270 0 0 
7025 876 260 208 260 7 1 260 0 0 
7030 876 252 198 252 7 1 252 0 0 
7035 876 240 193 240 7 1 240 0 0 
7040 878 233 175 233 7 1 233 0 0 
7045 878 225 168 225 7 1 225 0 0 
7050 879 215 155 215 7 1 215 0 0 
7055 879 203 143 203 7 1 203 0 0 
7060 879 192 143 192 7 1 192 0 0 
7065 881 177 128 177 7 1 177 0 0 
7070 881 165 115 165 7 1 165 0 0 
7075 883 155 108 155 7 1 155 0 0 
7080 883 140 95 140 7 1 140 0 0 
7085 883 128 83 128 7 1 128 0 0 
7090 883 113 80 113 7 1 113 0 0 
7095 883 98 78 98 7 1 98 0 0 
7100 883 90 78 90 7 1 90 0 0 
7105 885 80 65 80 7 1 80 0 0 
7110 885 68 63 68 7 1 68 0 0 
7115 885 53 55 53 7 1 53 0 0 
7120 885 42 50 42 7 1 42 0 0 
7125 887 23 43 23 7 1 23 0 0 
7130 887 12 35 12 7 1 12 0 0 
7135 887 -5 23 -5 7 1 -5 0 0 
7140 885 -20 5 -20 7 1 -20 0 0 
7145 887 -38 0 -38 7 1 -38 0 0 
7150 887 -50 -13 -50 7 1 -50 0 0 
7155 887 -65 -30 -65 7 1 -65 0 0 
7160 887 -75 -58 -75 7 1 -75 0 0 
7165 887 -90 -90 -90 7 1 -90 0 0 
7170 885 -98 -115 -98 7 1 -98 0 0 
7175 885 -113 -145 -113 7 1 -113 0 0 
7180 883 -120 -180 -120 7 1 -120 0 0 
7185 883 -132 -220 -132 7 1 -132 0 0 
7190 881 -140 -260 -140 7 1 -140 0 0 
7195 881 -147 -300 -147 7 1 -147 0 0 
7200 879 -158 -345 -158 7 1 -158 0 0 
7205 878 -170 -403 -170 7 1 -170 0 0 
7210 874 -177 -455 -177 7 1 -177 0 0 
7215 874 -188 -510 -188 7 1 -188 0 0 
7220 870 -200 -573 -200 8 1 -200 0 0 
7225 869 -215 -645 -215 8 1 -215 0 0 
7230 865 -225 -710 -225 8 1 -225 0 0 
7235 861 -237 -778 -237 8 1 -237 0 0 
7240 858 -245 -853 -245 8 1 -245 0 0 
7245 852 -255 -895 -255 8 1 -255 0 0 
7250 849 -267 -900 -267 8 1 -267 0 0 
7255 843 -275 -900 -275 8 1 -275 0 0 
7260 839 -282 -900 -282 8 1 -282 0 0 
7265 834 -293 -900 -293 8 1 -293 0 0 
7270 829 -312 -900 -312 8 1 -312 0 0 
7275 825 -335 -895 -335 8 1 -335 0 0 
7280 821 -365 -900 -365 8 1 -365 0 0 
7285 816 -402 -900 -402 8 1 -402 0 0 
7290 812 -443 -895 -443 8 1 -443 0 0 
7295 807 -480 -895 -480 8 1 -480 0 0 
7300 803 -515 -900 -515 8 1 -515 0 0 
7305 798 -552 -900 -552 8 1 -552 0 0 
7310 794 -575 -895 -575 8 1 -575 0 0 
7315 789 -590 -900 -590 8 1 -590 0 0 
7320 785 -600 -900 -600 8 1 -600 0 0 
7325 780 -600 -900 -600 8 1 -600 0 0 
7330 776 -593 -895 -593 8 1 -593 0 0 
7335 771 -582 -895 -582 8 1 -582 0 0 
7340 767 -570 -900 -570 8 1 -570 0 0 
7345 762 -563 -900 -563 8 1 -563 0 0 
7350 758 -560 -900 -560 8 1 -560 0 0 
7355 754 -560 -895 -560 8 1 -560 0 0 
7360 748 -563 -900 -563 8 1 -563 0 0 
7365 742 -578 -900 -578 8 1 -578 0 0 
7370 739 -593 -900 -593 8 1 -593 0 0 
7375 735 -608 -900 -608 8 1 -608 0 0 
7380 730 -620 -895 -620 8 1 -620 0 0 
7385 724 -635 -900 -635 8 1 -635 0 0 
7390 721 -645 -900 -645 8 1 -645 0 0 
7395 717 -653 -900 -653 8 1 -653 0 0 
7400 713 -657 -900 -657 8 1 -657 0 0 
7405 708 -660 -900 -660 8 1 -660 0 0 
7410 704 -660 -900 -660 8 1 -660 0 0 
7415 699 -657 -900 -657 8 1 -657 0 0 
7420 695 -660 -895 -660 8 1 -660 0 0 
7425 690 -660 -900 -660 8 1 -660 0 0 
7430 686 -660 -900 -660 8 1 -660 0 0 
7435 681 -668 -900 -668 8 1 -668 0 0 
7440 677 -668 -900 -668 8 1 -668 0 0 
7445 672 -675 -895 -675 8 1 -675 0 0 
7450 668 -680 -900 -680 8 1 -680 0 0 
7455 664 -687 -900 -687 8 1 -687 0 0 
7460 659 -690 -895 -690 8 1 -690 0 0 
7465 655 -690 -900 -690 8 1 -690 0 0 
7470 650 -695 -900 -695 8 1 -695 0 0 
7475 646 -695 -895 -695 8 1 -695 0 0 
7480 643 -695 -900 -695 8 1 -695 0 0 
7485 635 -690 -900 -690 8 1 -690 0 0 
7490 632 -690 -900 -690 8 1 -690 0 0 
7495 628 -690 -900 -690 8 1 -690 0 0 
7500 623 -687 -895 -687 8 1 -687 0 0 
7505 617 -683 -895 -683 8 1 -683 0 0 
7510 614 -680 -900 -680 8 1 -680 0 0 
7515 610 -680 -900 -680 8 1 -680 0 0 
7520 606 -680 -900 -680 8 1 -680 0 0 
7525 601 -675 -900 -675 8 1 -675 0 0 
7530 595 -672 -900 -672 8 1 -672 0 0 
7535 592 -672 -900 -672 8 1 -672 0 0 
7540 588 -668 -900 -668 8 1 -668 0 0 
7545 583 -668 -900 -668 8 1 -668 0 0 
7550 579 -668 -900 -668 8 1 -668 0 0 
7555 574 -665 -900 -665 8 1 -665 0 0 
7560 570 -665 -900 -665 8 1 -665 0 0 
7565 565 -657 -900 -657 8 1 -657 0 0 
7570 561 -657 -895 -657 8 1 -657 0 0 
7575 556 -653 -900 -653 8 1 -653 0 0 
7580 552 -650 -900 -650 8 1 -650 0 0 
7585 547 -642 -900 -642 8 1 -642 0 0 
7590 543 -635 -900 -635 8 1 -635 0 0 
7595 539 -627 -900 -627 8 1 -627 0 0 
7600 534 -615 -895 -615 8 1 -615 0 0 
7605 530 -605 -900 -605 8 1 -605 0 0 
7610 524 -593 -900 -593 8 1 -593 0 0 
7615 520 -582 -895 -582 8 1 -582 0 0 
7620 515 -575 -900 -575 8 1 -575 0 0 
7625 511 -563 -895 -563 8 1 -563 0 0 
7630 507 -563 -900 -563 8 1 -563 0 0 
7635 502 -555 -895 -555 8 1 -555 0 0 
7640 498 -555 -900 -555 8 1 -555 0 0 
7645 493 -552 -900 -552 8 1 -552 0 0 
7650 489 -548 -900 -548 8 1 -548 0 0 
7655 484 -548 -900 -548 8 1 -548 0 0 
7660 480 -545 -900 -545 8 1 -545 0 0 
7665 475 -540 -900 -540 8 1 -540 0 0 
7670 471 -537 -895 -537 8 1 -537 0 0 
7675 468 -525 -900 -525 8 1 -525 0 0 
7680 462 -522 -900 -522 8 1 -522 0 0 
7685 458 -510 -895 -510 8 1 -510 0 0 
7690 453 -500 -900 -500 8 1 -500 0 0 
7695 449 -488 -895 -488 8 1 -488 0 0 
7700 446 -480 -900 -480 8 1 -480 0 0 
7705 440 -470 -900 -470 8 1 -470 0 0 
7710 435 -458 -900 -458 8 1 -458 0 0 
7715 431 -455 -900 -455 8 1 -455 0 0 
7720 428 -447 -900 -447 8 1 -447 0 0 
7725 422 -443 -900 -443 8 1 -443 0 0 
7730 419 -435 -900 -435 8 1 -435 0 0 
7735 415 -432 -900 -432 8 1 -432 0 0 
7740 409 -425 -895 -425 8 1 -425 0 0 
7745 404 -417 -895 -417 8 1 -417 0 0 
7750 400 -410 -895 -410 8 1 -410 0 0 
7755 397 -405 -900 -405 8 1 -405 0 0 
7760 391 -402 -900 -402 8 1 -402 0 0 
7765 386 -395 -900 -395 8 1 -395 0 0 
7770 382 -387 -900 -387 8 1 -387 0 0 
7775 379 -380 -895 -380 8 1 -380 0 0 
7780 375 -375 -900 -375 8 1 -375 0 0 
7785 370 -365 -900 -365 8 1 -365 0 0 
7790 364 -357 -900 -357 8 1 -357 0 0 
7795 361 -353 -900 -353 8 1 -353 0 0 
7800 357 -345 -900 -345 8 1 -345 0 0 
7805 351 -342 -900 -342 8 1 -342 0 0 
7810 348 -335 -900 -335 8 1 -335 0 0 
7815 344 -330 -895 -330 8 1 -330 0 0 
7820 339 -327 -900 -327 8 1 -327 0 0 
7825 335 -323 -900 -323 8 1 -323 0 0 
7830 330 -323 -900 -323 8 1 -323 0 0 
7835 326 -320 -900 -320 8 1 -320 0 0 
7840 321 -315 -900 -315 8 1 -315 0 0 
7845 317 -315 -900 -315 8 1 -315 0 0 
7850 313 -312 -900 -312 8 1 -312 0 0 
7855 308 -312 -900 -312 8 1 -312 0 0 
7860 303 -308 -900 -308 8 1 -308 0 0 
7865 298 -305 -900 -305 8 1 -305 0 0 
7870 294 -300 -900 -300 8 1 -300 0 0 
7875 289 -297 -895 -297 8 1 -297 0 0 
7880 285 -290 -895 -290 8 1 -290 0 0 
7885 280 -282 -900 -282 8 1 -282 0 0 
7890 276 -275 -900 -275 8 1 -275 0 0 
7895 271 -267 -895 -267 8 1 -267 0 0 
7900 267 -260 -895 -260 8 1 -260 0 0 
7905 262 -248 -873 -248 8 1 -248 0 0 
7910 258 -240 -855 -240 8 1 -240 0 0 
7915 254 -237 -835 -237 8 1 -237 0 0 
7920 251 -230 -820 -230 8 1 -230 0 0 
7925 245 -222 -798 -222 8 1 -222 0 0 
7930 242 -218 -770 -218 8 1 -218 0 0 
7935 238 -218 -755 -218 8 1 -218 0 0 
7940 234 -215 -735 -215 8 1 -215 0 0 
7945 231 -215 -710 -215 8 1 -215 0 0 
7950 227 -210 -693 -210 8 1 -210 0 0 
7955 223 -207 -670 -207 8 1 -207 0 0 
7960 222 -203 -653 -203 8 1 -203 0 0 
7965 218 -200 -630 -200 8 1 -200 0 0 
7970 214 -192 -605 -192 8 1 -192 0 0 
7975 213 -185 -590 -185 8 1 -185 0 0 
7980 209 -177 -575 -177 8 1 -177 0 0 
7985 205 -170 -540 -170 8 1 -170 0 0 
7990 204 -162 -525 -162 8 1 -162 0 0 
7995 200 -155 -510 -155 8 1 -155 0 0 
8000 198 -147 -485 -147 8 1 -147 0 0 
8005 196 -140 -458 -140 8 1 -140 0 0 
8010 194 -132 -435 -132 8 1 -132 0 0 
8015 191 -128 -423 -128 8 1 -128 0 0 
8020 189 -120 -398 -120 8 1 -120 0 0 
8025 187 -113 -368 -113 8 1 -113 0 0 
8030 185 -110 -350 -110 8 1 -110 0 0 
8035 184 -102 -333 -102 8 1 -102 0 0 
8040 184 -98 -323 -98 8 1 -98 0 0 
8045 182 -90 -300 -90 8 1 -90 0 0 
8050 180 -87 -270 -87 8 1 -87 0 0 
8055 178 -83 -238 -83 8 1 -83 0 0 
8060 176 -75 -225 -75 8 1 -75 0 0 
8065 176 -65 -200 -65 8 1 -65 0 0 
